"","V1","V2","V3","V4","V5","V6","V7","V8","V9","V10","V11","V12","V13","V14","V15","V16","V17","V18","V19","V20","V21","V22","V23","V24","V25","V26","V27","V28","V29","V30","V31","V32","V33","V34","V35","V36","V37","V38","V39","V40","V41","V42","V43","V44","V45","V46","V47","V48","V49","V50","V51","V52","V53","V54","V55","V56","V57","V58","V59","V60"
"1",2.05503913822246,1.07157133081185,1.35436949511474,-1.91206140894996,0.105875158668746,1.02813354074986,1.77019666806077,1.6149213656107,-1.96609844869596,1.01829383012436,1.12110465988891,1.13642758010709,2.1597714775184,-1.53058220727411,1.55985637419104,0.797201244589048,0.106540991639288,1.31349966007185,-0.98822441237199,0.581575027830144,1.56970731301928,1.11281000182744,1.71409266719548,-2.41240371029461,0.743559903876042,1.55446514401914,1.18721726649256,1.09852756088599,-1.84107229047259,0.654102136499997,1.00387808299848,1.59940853260128,1.46122043656065,-1.19414828832773,0.797575015789431,1.24515966238995,1.18340316304625,2.35255768854538,-1.79866930872758,0.954610233076757,2.05617361462616,0.588835416154804,2.06392788356727,-1.81530695031012,0.999272997925684,1.09710030764423,1.1168113677948,1.41004765687142,-0.928073641260522,0.478543775590449,1.17645159303507,1.6842487119632,2.0068222305278,-1.81327529575531,0.543505546859068,1.96450512902423,1.30750297603637,1.02857790710975,-1.30620471219209,1.5555644105954
"2",1.07157133081185,0.55875583859249,0.706216974313395,-0.997017599555171,0.0552071162852483,0.536105812304174,0.923044220478118,0.842078092196715,-1.02519445590636,0.530975033228653,0.584584298192807,0.592574219992698,1.12618253996647,-0.798100621180536,0.813365224865267,0.415689405958493,0.0555543055475215,0.684905972146864,-0.515295757151453,0.3032541400053,0.818501858729603,0.580259165103005,0.893789576246337,-1.25791407385644,0.387718881317251,0.810554043519585,0.619057789487473,0.572811786626259,-0.960001319551012,0.341072383420612,0.523458144112038,0.833989143035896,0.761932898839645,-0.622671873595976,0.415884303707721,0.649271039019985,0.617068978749128,1.22670820532729,-0.937890879543435,0.497768114893166,1.07216288761828,0.307039967649438,1.07620624238177,-0.946566344356038,0.521056887100345,0.572067565444661,0.582345621256058,0.735249570715609,-0.483930981342352,0.249529938833541,0.613444180082495,0.87822786443748,1.0464293006748,-0.945506966588211,0.283403343186522,1.02436364171441,0.681779085377241,0.536337520909027,-0.681102123907512,0.811127240655413
"3",1.35436949511474,0.706216974313395,0.892594547315518,-1.26014030433886,0.0697768147206254,0.677589384356131,1.16664462636415,1.06431074421484,-1.29575330891726,0.671104542455037,0.738861817248834,0.748960357628714,1.42339313697935,-1.00872718808192,1.02802027011124,0.525393909564573,0.0702156306280068,0.865659363054097,-0.651287351929462,0.383285876246113,1.03451251193723,0.733395239195929,1.12966939513252,-1.58988991224309,0.490041689654254,1.02446719048849,0.78243320037293,0.723982424633376,-1.21335506567232,0.431084724318799,0.661603872714284,1.05408704218406,0.963014449752903,-0.787001076657589,0.525640242737764,0.820620022228383,0.779919523011357,1.55044850952059,-1.18540946409754,0.629133993293111,1.3551171695534,0.388070820866735,1.36022760522123,-1.19637446900228,0.658568900470203,0.723041796196434,0.736032331553046,0.929289130121636,-0.611645104740211,0.31538333245436,0.775338104491789,1.11000079523659,1.3225922370977,-1.19503551107079,0.358196259818333,1.29470323472683,0.861707260255446,0.677882243130106,-0.860851642026771,1.02519165995975
"4",-1.91206140894996,-0.997017599555171,-1.26014030433886,1.77903124256699,-0.098508977903003,-0.956601959520477,-1.64703662927727,-1.50256448368368,1.82930869783804,-0.947446839010935,-1.04310468627946,-1.05736152639343,-2.00950707823781,1.42409315585379,-1.45133059566694,-0.741736595958002,-0.0991284860691009,-1.22211395587562,0.919469477312789,-0.541112403379755,-1.46049616318587,-1.03538712251885,-1.59483602007865,2.24456262241887,-0.691827309271428,-1.44631445608754,-1.10461756035604,-1.02209837115552,1.71298113608904,-0.608593495594035,-0.934034056135953,-1.48813094381131,-1.35955717570094,1.11106636180665,-0.74208436232154,-1.15852865970052,-1.10106882015261,-2.18888034049169,1.6735283083978,-0.888193978063887,-1.91311695505151,-0.547867655905787,-1.92033172683913,1.68900839917282,-0.929749366229636,-1.0207704179338,-1.03911009660094,-1.31194470184942,0.8635036487202,-0.445249469356167,-1.09460090014916,-1.56706843452336,-1.86719915462734,1.68711809538332,-0.505691576559633,-1.82782623212739,-1.21653448640827,-0.957015409440908,1.2153265482483,-1.44733724205766
"5",0.105875158668746,0.0552071162852483,0.0697768147206254,-0.098508977903003,0.00545466459233862,0.052969211016441,0.0912001380508649,0.083200389054134,-0.10129295415469,0.0524622713166792,0.0577590623664122,0.058548495803077,0.111270945461545,-0.0788552544020521,0.080363452961183,0.0410716305553157,0.00548896815867555,0.0676712099224249,-0.0509131016116378,0.029962615895752,0.0808709711354494,0.0573317234306091,0.088309672422701,-0.124286501823726,0.0383080406296726,0.0800856979835511,0.0611651691329335,0.0565958952545284,-0.0948516343309257,0.0336991963799797,0.0517195752356689,0.0824011713527644,0.075281751424301,-0.0615222538340892,0.0410908871643069,0.0641503484636734,0.06096866737292,0.121203248113106,-0.0926670421561197,0.0491813065814561,0.105933606640375,0.0303366694850842,0.106333104849061,-0.0935242097446399,0.0514823222784395,0.0565223634854145,0.0575378729139968,0.0726453412127641,-0.0478141472817545,0.024654468729196,0.0606105240343135,0.0867721184964759,0.103391034323988,-0.0934195393545,0.0280012847155898,0.101210866680092,0.0673622620965977,0.0529921046723259,-0.0672953758325113,0.0801423319527133
"6",1.02813354074986,0.536105812304174,0.677589384356131,-0.956601959520477,0.052969211016441,0.514373939626841,0.885627205003574,0.807943163113709,-0.983636623713665,0.509451144563143,0.560887275616439,0.568553313661907,1.08053100064665,-0.765748386444168,0.780394215968774,0.398838797298275,0.0533023264286094,0.657142256400773,-0.494407452028524,0.290961267575613,0.785322628488428,0.556737468440781,0.85755844271725,-1.20692259444199,0.372002100842199,0.777696990177529,0.593963330982666,0.549591980891389,-0.921086191291375,0.327246490397006,0.502238964094454,0.800182111933516,0.731046778289884,-0.597430912639809,0.399025794567832,0.622951840031229,0.592055139742847,1.1769817037327,-0.899872031935968,0.477590319675462,1.02870111789237,0.294593630880337,1.03258056905905,-0.908195823454984,0.499935045724585,0.548877927858674,0.558739346888418,0.705445099862774,-0.464314095589989,0.239414859430454,0.588577277858648,0.842627548802752,1.00401068142806,-0.907179389192411,0.271915153301041,0.982839487851297,0.654142122789937,0.514596255567442,-0.653492602993344,0.7782469518869
"7",1.77019666806077,0.923044220478118,1.16664462636415,-1.64703662927727,0.0912001380508649,0.885627205003574,1.5248353110802,1.39108222681195,-1.69358376598679,0.877151345522374,0.965711891598979,0.978910950347142,1.86041238931474,-1.31843305225481,1.3436496195565,0.686703703446772,0.091773682020912,1.13143962979183,-0.851249754586345,0.500964754074101,1.3521351509348,0.958566929836438,1.47650770818962,-2.07802806795919,0.640497419179793,1.33900565073394,1.02266083906663,0.946264132825868,-1.58588708781117,0.563439109780292,0.864733719475649,1.3777195784834,1.25868529703007,-1.02863117390389,0.687025667404163,1.07257202287295,1.01937539642628,2.02647711385483,-1.54936144914825,0.822294730284721,1.77117389828109,0.507218802954288,1.77785337254875,-1.56369299989393,0.860766930668378,0.945034706638285,0.962013679132531,1.21460541435707,-0.799436291464223,0.412214337583934,1.01338736153064,1.45080032912743,1.72866295332134,-1.5619429465462,0.468171963359618,1.69221129131144,1.12627412714928,0.886009979148867,-1.12515581154708,1.33995255144956
"8",1.6149213656107,0.842078092196715,1.06431074421484,-1.50256448368368,0.083200389054134,0.807943163113709,1.39108222681195,1.26906148335537,-1.54502867251449,0.800210775625318,0.881003108245589,0.893044392902231,1.6972236873785,-1.20278483381516,1.22578949427894,0.626468517622428,0.0837236238042937,1.03219380366994,-0.776581179343383,0.457021922687523,1.23353070528032,0.874484876901588,1.34699374790737,-1.89575089922767,0.584315282880453,1.22155287774469,0.932956698303633,0.863261237117594,-1.4467787606662,0.514016251991744,0.788882379196356,1.25687095860958,1.14827793737783,-0.93840333678314,0.626762240056284,0.978489852085952,0.9299594429076,1.8487218099164,-1.41345702001806,0.750165985918748,1.61581287670119,0.462727388831718,1.62190645144377,-1.42653145853618,0.785263542875336,0.862139651785528,0.877629289712093,1.1080645839089,-0.729312607363829,0.376056374405348,0.924496656955359,1.32354132793029,1.57703083935671,-1.42493491359108,0.427105597954614,1.54377658639492,1.02748140039177,0.808292361683896,-1.02646117942306,1.22241671972585
"9",-1.96609844869596,-1.02519445590636,-1.29575330891726,1.82930869783804,-0.10129295415469,-0.983636623713665,-1.69358376598679,-1.54502867251449,1.88100705143175,-0.974222769039762,-1.07258401635113,-1.08724377105366,-2.06629804391932,1.46433965531489,-1.49234685629307,-0.762698919515833,-0.101929970329284,-1.25665229240534,0.945454735138832,-0.556404858063283,-1.50177145322078,-1.06464834542214,-1.63990790793851,2.30799652630517,-0.711379139371385,-1.48718895487874,-1.1358353145211,-1.05098403876428,1.76139193989572,-0.62579304303359,-0.960430925598039,-1.53018722431653,-1.39797981463735,1.14246636646778,-0.763056514154091,-1.19127000312082,-1.13218628286546,-2.25074059947958,1.72082413022322,-0.913295354552188,-1.96718382573619,-0.563351021742866,-1.97460249521665,1.73674170604792,-0.956025145460161,-1.04961855606747,-1.06847653500489,-1.34902175788254,0.887907248295143,-0.457832728010867,-1.12553557205379,-1.61135557869388,-1.91996833581578,1.73479798011385,-0.519982998212655,-1.87948268954656,-1.25091514075688,-0.984061758201171,1.24967306488457,-1.4882406459488
"10",1.01829383012436,0.530975033228653,0.671104542455037,-0.947446839010935,0.0524622713166792,0.509451144563143,0.877151345522374,0.800210775625318,-0.974222769039762,0.50457546291125,0.555519326544799,0.563111997082038,1.07018982224244,-0.758419822365753,0.772925484569014,0.395021726659013,0.0527921986612176,0.650853102913907,-0.489675745429882,0.288176634487888,0.777806729915227,0.551409234931509,0.849351214194546,-1.19537179038202,0.368441869725047,0.770254072468525,0.588278828855867,0.544332132982798,-0.912270973010645,0.324114591046297,0.497432306325138,0.792524001272732,0.72405032455409,-0.591713224162478,0.395206934278736,0.616989904546605,0.586388899883422,1.16571744776087,-0.891259842912574,0.473019560764398,1.0188559752927,0.291774234405962,1.0226982983283,-0.899503971920245,0.495150437513197,0.543624913765861,0.553391954482124,0.698693665958806,-0.459870396246601,0.23712354916494,0.582944322736254,0.834563215798651,0.994401837655727,-0.898497265400827,0.269312800282562,0.973433262134045,0.64788168196091,0.509671332837992,-0.64723837836736,0.770798770791516
"11",1.12110465988891,0.584584298192807,0.738861817248834,-1.04310468627946,0.0577590623664122,0.560887275616439,0.965711891598979,0.881003108245589,-1.07258401635113,0.555519326544799,0.611606676995839,0.619965932515693,1.17824026934855,-0.834992780917203,0.850962990113956,0.434904627145487,0.0581223004342904,0.716565715114691,-0.539115276745784,0.317272046866884,0.85633706461172,0.60708161485374,0.935104952957952,-1.31606108654648,0.405641166456336,0.848021862056669,0.64767370363401,0.599289981693947,-1.00437733065585,0.35683843661865,0.547654969619423,0.872540247830196,0.797153207490746,-0.651454848592604,0.435108534033043,0.679283559055974,0.645592960222643,1.28341272836634,-0.981244836708007,0.520777420135022,1.12172356137797,0.321232874197122,1.12595382000527,-0.990321324430707,0.545142714627158,0.598511358926907,0.609264517334034,0.769236443910913,-0.50630066580494,0.261064447288015,0.641800605426026,0.918823901829475,1.09480044071541,-0.989212976980618,0.296503647996806,1.07171479781633,0.713294288166647,0.561129694939509,-0.712586034188162,0.848621555200311
"12",1.13642758010709,0.592574219992698,0.748960357628714,-1.05736152639343,0.058548495803077,0.568553313661907,0.978910950347142,0.893044392902231,-1.08724377105366,0.563111997082038,0.619965932515693,0.628439439817737,1.19434410183717,-0.84640521030271,0.862593695500041,0.440848772364654,0.0589166984992665,0.726359519098049,-0.546483741679997,0.321608425472322,0.86804122122651,0.615379023189591,0.947885685303864,-1.33404861237961,0.411185347524527,0.859612368991899,0.656525912391377,0.607480896338756,-1.01810485695844,0.361715596700767,0.555140152499134,0.884465864664196,0.808048457004072,-0.660358736898372,0.441055466190025,0.688567801779543,0.65441673000689,1.30095402629092,-0.994656195063134,0.527895248778198,1.13705494055496,0.3256233881954,1.14134301708077,-1.00385673748136,0.552593560763663,0.606691631590672,0.617591760922334,0.779750135523012,-0.513220630538033,0.264632597382041,0.650572542449188,0.931382109681077,1.10976384280275,-1.00273324147275,0.300556170392978,1.0863626723022,0.723043379273573,0.568799046299139,-0.722325445093413,0.860220258560482
"13",2.1597714775184,1.12618253996647,1.42339313697935,-2.00950707823781,0.111270945461545,1.08053100064665,1.86041238931474,1.6972236873785,-2.06629804391932,1.07018982224244,1.17824026934855,1.19434410183717,2.26984136133619,-1.6085862958927,1.63935238183205,0.837829546835236,0.111970711724786,1.38044042509433,-1.03858795656541,0.611214226426351,1.64970536066944,1.16952288505949,1.80144912258673,-2.53534866020145,0.781454446462205,1.63368639477738,1.24772221710866,1.15451255849152,-1.93490009365542,0.68743758282798,1.05503939571747,1.68092026344554,1.53568959469085,-1.25500646926291,0.838222366788243,1.30861757022904,1.24371373294773,2.4724526654669,-1.89033610028358,1.00326067528315,2.16096377100472,0.618844630795619,2.16911322595987,-1.90782165716413,1.05019961860238,1.15301256718458,1.17372817532705,1.48190886227437,-0.975371681322275,0.502932123306517,1.23640788540699,1.77008420982757,2.10909725918544,-1.90568646203425,0.571204584937782,2.06462352282745,1.37413812802434,1.08099801354767,-1.37277369988815,1.63484168401419
"14",-1.53058220727411,-0.798100621180536,-1.00872718808192,1.42409315585379,-0.0788552544020521,-0.765748386444168,-1.31843305225481,-1.20278483381516,1.46433965531489,-0.758419822365753,-0.834992780917203,-0.84640521030271,-1.6085862958927,1.13996947778349,-1.16177272142126,-0.59375124195454,-0.079351163253019,-0.978287552569689,0.736024280140375,-0.433153983900138,-1.16910964820529,-0.828814963761225,-1.27664709115843,1.79674543762352,-0.553799457026166,-1.15775736189698,-0.884233098272707,-0.818177477800577,1.37122083842167,-0.487171788237982,-0.747683050668785,-1.19123095839399,-1.08830920030046,0.889395286428559,-0.594029624754292,-0.927388286199729,-0.881392374335607,-1.75217243929866,1.33963932340954,-0.710988618393364,-1.53142715925862,-0.438561482463517,-1.53720249747526,1.35203095026647,-0.744253207828174,-0.817114467186093,-0.831795159826849,-1.05019598647776,0.691224306113279,-0.356416855862931,-0.876214882007685,-1.25441947221745,-1.49467051117325,1.3505177847724,-0.404800037188987,-1.46315295930764,-0.973821254231789,-0.766079348142809,0.972854314233691,-1.1585760897895
"15",1.55985637419104,0.813365224865267,1.02802027011124,-1.45133059566694,0.080363452961183,0.780394215968774,1.3436496195565,1.22578949427894,-1.49234685629307,0.772925484569014,0.850962990113956,0.862593695500041,1.63935238183205,-1.16177272142126,1.1839929774812,0.605107425818107,0.0808688466463586,0.996998441126062,-0.75010160152131,0.441438558204713,1.19147023153306,0.84466701501145,1.30106445329877,-1.83111028624011,0.564391516483305,1.17990081953055,0.901145085874081,0.833826074745564,-1.39744703359965,0.496489515948599,0.761983359611494,1.21401463753707,1.10912438097838,-0.906406006889242,0.605391133013051,0.945125667019908,0.898250029783958,1.78568477742169,-1.36526148533955,0.724587103591979,1.5607174868661,0.446949481474583,1.56660328515092,-1.37789011648887,0.758487917032863,0.832742732815314,0.847704210796954,1.07028220756248,-0.704444775826064,0.363233743241439,0.892973511886617,1.27841170526381,1.52325782508683,-1.3763480099428,0.412542309247508,1.4911374633429,0.992446719631913,0.780731507695272,-0.991461285780451,1.18073520654734
"16",0.797201244589048,0.415689405958493,0.525393909564573,-0.741736595958002,0.0410716305553157,0.398838797298275,0.686703703446772,0.626468517622428,-0.762698919515833,0.395021726659013,0.434904627145487,0.440848772364654,0.837829546835236,-0.59375124195454,0.605107425818107,0.309254365308117,0.0413299238709668,0.509539475088683,-0.383357045042784,0.225607545561944,0.608928852158941,0.431686921162638,0.664939553808767,-0.935831928710407,0.28844554333365,0.603016032363371,0.460551366074772,0.426146403961519,-0.714198135716615,0.253742630788624,0.389429496644178,0.620450700466443,0.566844070742462,-0.463240083350518,0.309399360535018,0.483028675272797,0.459071779648491,0.912616155280682,-0.697748955166873,0.370317261482662,0.797641336451128,0.228424032363078,0.800649411935314,-0.704203113790877,0.387643068598506,0.42559273661791,0.433239151419427,0.546992865527646,-0.360023051688997,0.185639137666754,0.4563750912197,0.653362334761148,0.778496696286542,-0.703414984012935,0.210839438694037,0.762080830837272,0.507213210888852,0.399011178158848,-0.50670958176899,0.60344246544994
"17",0.106540991639288,0.0555543055475215,0.0702156306280068,-0.0991284860691009,0.00548896815867555,0.0533023264286094,0.091773682020912,0.0837236238042937,-0.101929970329284,0.0527921986612176,0.0581223004342904,0.0589166984992665,0.111970711724786,-0.079351163253019,0.0808688466463586,0.0413299238709668,0.00552348745498882,0.0680967839974899,-0.0512332864605846,0.0301510462867703,0.0813795565261943,0.057692274028106,0.0888650386885571,-0.125068120966007,0.0385489541433694,0.0805893449093908,0.0615498276946731,0.0569518183391463,-0.0954481420126275,0.0339111255644332,0.0520448318761059,0.0829193799428417,0.0757551870517767,-0.0619091580478807,0.0413493015818796,0.0645537803698536,0.0613520901646053,0.121965477135902,-0.0932498112657574,0.0494906004315717,0.106599807181432,0.0305274522429433,0.107001817774348,-0.0941123694524962,0.0518060868706635,0.0568778241397809,0.0578997199546312,0.0731021968524052,-0.04811484327238,0.0248095169799613,0.060991694516335,0.0873178153166288,0.104041245009638,-0.0940070408059941,0.0281773805894057,0.101847366618889,0.0677858932451897,0.0533253640592576,-0.0677185863434347,0.0806463350410787
"18",1.31349966007185,0.684905972146864,0.865659363054097,-1.22211395587562,0.0676712099224249,0.657142256400773,1.13143962979183,1.03219380366994,-1.25665229240534,0.650853102913907,0.716565715114691,0.726359519098049,1.38044042509433,-0.978287552569689,0.996998441126062,0.509539475088683,0.0680967839974899,0.839536982493279,-0.631633921506755,0.371719733776905,1.00329477123561,0.711264098059562,1.09558017354373,-1.54191294681076,0.475254053715504,0.993552580233951,0.758822275919401,0.702135327238284,-1.17674052173778,0.418076190358187,0.64163912805701,1.02227861494888,0.933954254697357,-0.763252310683763,0.509778374842715,0.79585676149168,0.756384451993312,1.50366173895676,-1.14963821450081,0.610149068855203,1.31422477247624,0.376360286562035,1.31918099419913,-1.16027233633168,0.638695739989494,0.701223083469775,0.713821612775557,0.901246639802552,-0.593187929925148,0.30586623625633,0.751941283648332,1.07650509885357,1.28268132153576,-1.15897378317155,0.347387228675385,1.2556339055492,0.835704139460915,0.657426277785965,-0.834874340608704,0.994255187910561
"19",-0.98822441237199,-0.515295757151453,-0.651287351929462,0.919469477312789,-0.0509131016116378,-0.494407452028524,-0.851249754586345,-0.776581179343383,0.945454735138832,-0.489675745429882,-0.539115276745784,-0.546483741679997,-1.03858795656541,0.736024280140375,-0.75010160152131,-0.383357045042784,-0.0512332864605846,-0.631633921506755,0.475216004913989,-0.279667004602544,-0.754838707522744,-0.535126552912662,-0.824270539321972,1.16007339941563,-0.357562070426968,-0.747509074123902,-0.57090741665986,-0.528258432231122,0.885332327033122,-0.314543741504158,-0.482743520652551,-0.769121389405647,-0.702669686629479,0.574240396968024,-0.383536783626828,-0.59877067681492,-0.569073295806952,-1.13129472626243,0.864941639119496,-0.459051664311634,-0.988769957834627,-0.28315837021806,-0.992498820086043,0.872942325466705,-0.480529033636053,-0.527572096642709,-0.537050724310779,-0.678061790265242,0.446290784303948,-0.230121476828025,-0.565730434319993,-0.809919218914623,-0.965037931693005,0.871965346200848,-0.261360204618924,-0.944688541752519,-0.628750244282838,-0.494621138316397,0.628125936939608,-0.748037687932837
"20",0.581575027830144,0.3032541400053,0.383285876246113,-0.541112403379755,0.029962615895752,0.290961267575613,0.500964754074101,0.457021922687523,-0.556404858063283,0.288176634487888,0.317272046866884,0.321608425472322,0.611214226426351,-0.433153983900138,0.441438558204713,0.225607545561944,0.0301510462867703,0.371719733776905,-0.279667004602544,0.164585436211298,0.444226368868089,0.314924662866638,0.485087350448186,-0.682709019432921,0.210427073502907,0.439912842816162,0.335981880811311,0.31088273936576,-0.521022519062602,0.185110570968387,0.284096985404817,0.452631798859037,0.41352463817005,-0.337943356455112,0.225713322620989,0.352379549293536,0.3349024914816,0.665772625805674,-0.50902249685876,0.270154209008771,0.581896084073689,0.166640122403612,0.584090538228527,-0.513730940939665,0.282793748678294,0.310478827426392,0.316057047394282,0.399042767621516,-0.262644367061238,0.135427644384275,0.332935200714472,0.476641526341018,0.567929667548265,-0.513155983737012,0.153811792515936,0.555953949408943,0.370022675253803,0.291087023028788,-0.369655267248124,0.440223934696503
"21",1.56970731301928,0.818501858729603,1.03451251193723,-1.46049616318587,0.0808709711354494,0.785322628488428,1.3521351509348,1.23353070528032,-1.50177145322078,0.777806729915227,0.85633706461172,0.86804122122651,1.64970536066944,-1.16910964820529,1.19147023153306,0.608928852158941,0.0813795565261943,1.00329477123561,-0.754838707522744,0.444226368868089,1.19899470658134,0.850001328626977,1.30928104718082,-1.84267427105049,0.567955810219605,1.18735223043537,0.906836074649201,0.839091924724845,-1.40627231102357,0.499624989144336,0.766795502311214,1.22168148695273,1.11612881844501,-0.912130219884205,0.609214351045908,0.951094405735129,0.903922735452428,1.79696188716074,-1.3738835018272,0.729163078246647,1.57057386386701,0.449772095193494,1.57649683265022,-1.38659188639164,0.76327798501366,0.838001741180674,0.853057705171934,1.07704134560243,-0.708893545923977,0.365527668146469,0.898612894836475,1.28648524056759,1.53287763361719,-1.38504004100198,0.415147631839832,1.50055442260847,0.99871430431929,0.785662050308581,-0.997722647171408,1.18819188684464
"22",1.11281000182744,0.580259165103005,0.733395239195929,-1.03538712251885,0.0573317234306091,0.556737468440781,0.958566929836438,0.874484876901588,-1.06464834542214,0.551409234931509,0.60708161485374,0.615379023189591,1.16952288505949,-0.828814963761225,0.84466701501145,0.431686921162638,0.057692274028106,0.711264098059562,-0.535126552912662,0.314924662866638,0.850001328626977,0.60259003205083,0.928186441141985,-1.3063240146285,0.402639970500424,0.841747647323575,0.642881794279548,0.594856046437348,-0.996946296943699,0.354198314852287,0.543603063609942,0.866084630206287,0.791255351995793,-0.646634963879878,0.431889319415033,0.674257779527319,0.640816445554983,1.27391721013828,-0.973984952161736,0.516924371636781,1.11342432428261,0.318856185432102,1.11762328471798,-0.982994286152271,0.54110939590651,0.594083184425609,0.604756784005394,0.763545134705849,-0.502554725707282,0.259132923497474,0.637052149054269,0.912025847769883,1.08670039829637,-0.981894138974147,0.294309922056574,1.06378555792878,0.708016875245956,0.556978094188761,-0.707313861388917,0.842342903549108
"23",1.71409266719548,0.893789576246337,1.12966939513252,-1.59483602007865,0.088309672422701,0.85755844271725,1.47650770818962,1.34699374790737,-1.63990790793851,0.849351214194546,0.935104952957952,0.947885685303864,1.80144912258673,-1.27664709115843,1.30106445329877,0.664939553808767,0.0888650386885571,1.09558017354373,-0.824270539321972,0.485087350448186,1.30928104718082,0.928186441141985,1.42971178362796,-2.01216776518809,0.620197715532038,1.29656766881767,0.990248980183883,0.916273564724184,-1.53562453102742,0.545581665535253,0.83732714809234,1.33405461073265,1.21879296062032,-0.996030093294029,0.665251313551863,1.03857829619553,0.987067665226105,1.96225064919102,-1.50025652332163,0.796233205544675,1.71503892541924,0.491143185666514,1.72150670273997,-1.51413385485544,0.833486081317367,0.915083103544916,0.93152395035816,1.17611013050099,-0.774099234177145,0.399149758958426,0.981269413037118,1.40481916534528,1.67387530764399,-1.51243926709314,0.453333883099188,1.63857893200077,1.09057838455512,0.857929085351188,-1.08949551246078,1.29748455878955
"24",-2.41240371029461,-1.25791407385644,-1.58988991224309,2.24456262241887,-0.124286501823726,-1.20692259444199,-2.07802806795919,-1.89575089922767,2.30799652630517,-1.19537179038202,-1.31606108654648,-1.33404861237961,-2.53534866020145,1.79674543762352,-1.83111028624011,-0.935831928710407,-0.125068120966007,-1.54191294681076,1.16007339941563,-0.682709019432921,-1.84267427105049,-1.3063240146285,-2.01216776518809,2.83191281041831,-0.872862534622291,-1.82478153880759,-1.39367045879709,-1.28955790400882,2.16122872885932,-0.767848354639661,-1.17844919206926,-1.87754043539121,-1.71532188227143,1.40180676261745,-0.936270697497743,-1.46168884747222,-1.38919309525973,-2.76165976159361,2.11145200753726,-1.12061382448974,-2.4137354684274,-0.691231965496001,-2.42283817932775,2.13098288047187,-1.1730432977925,-1.28788245610522,-1.31102120502569,-1.65525032388002,1.08946260631322,-0.561760970047189,-1.3810326700029,-1.97713404393523,-2.35580204035164,2.12859792784741,-0.638019380469133,-2.3061261335636,-1.53487345907177,-1.20744423465574,1.53334943139919,-1.82607196423933
"25",0.743559903876042,0.387718881317251,0.490041689654254,-0.691827309271428,0.0383080406296726,0.372002100842199,0.640497419179793,0.584315282880453,-0.711379139371385,0.368441869725047,0.405641166456336,0.411185347524527,0.781454446462205,-0.553799457026166,0.564391516483305,0.28844554333365,0.0385489541433694,0.475254053715504,-0.357562070426968,0.210427073502907,0.567955810219605,0.402639970500424,0.620197715532038,-0.872862534622291,0.269036886144354,0.562440846778854,0.429562211314743,0.397472258501165,-0.666141831496571,0.236669031112342,0.363225924516097,0.578702387044653,0.52870279068774,-0.432070012666878,0.288580782255702,0.45052708810102,0.428182181932741,0.851208882703178,-0.650799468208226,0.34539969577397,0.743970383243562,0.213054047142668,0.746776054124101,-0.656819345370535,0.361559699990061,0.39695584581417,0.404087755721992,0.510187315026433,-0.335798153256806,0.17314802290641,0.425666945783142,0.60939949370207,0.726113929936268,-0.65608424654084,0.196652669363846,0.710802640072698,0.473084317031628,0.37216288269871,-0.472614575642618,0.562838586429928
"26",1.55446514401914,0.810554043519585,1.02446719048849,-1.44631445608754,0.0800856979835511,0.777696990177529,1.33900565073394,1.22155287774469,-1.48718895487874,0.770254072468525,0.848021862056669,0.859612368991899,1.63368639477738,-1.15775736189698,1.17990081953055,0.603016032363371,0.0805893449093908,0.993552580233951,-0.747509074123902,0.439912842816162,1.18735223043537,0.841747647323575,1.29656766881767,-1.82478153880759,0.562440846778854,1.17582280503938,0.898030516701812,0.830944175894706,-1.39261712827258,0.494773531513941,0.759349766066093,1.20981871767463,1.10529098649024,-0.903273254737707,0.603298758999583,0.941859090624426,0.895145466605831,1.77951303122196,-1.36054282083038,0.722082760294937,1.55532328048645,0.445404719040227,1.56118873606932,-1.37312780446291,0.755866404558389,0.829864578248736,0.84477434584675,1.06658306075298,-0.702010049146924,0.361978322070352,0.889887185594245,1.27399321400297,1.51799308810074,-1.37159102779944,0.411116466085535,1.4859837418748,0.989016590558871,0.778033116144561,-0.988034562598362,1.17665430821856
"27",1.18721726649256,0.619057789487473,0.78243320037293,-1.10461756035604,0.0611651691329335,0.593963330982666,1.02266083906663,0.932956698303633,-1.1358353145211,0.588278828855867,0.64767370363401,0.656525912391377,1.24772221710866,-0.884233098272707,0.901145085874081,0.460551366074772,0.0615498276946731,0.758822275919401,-0.57090741665986,0.335981880811311,0.906836074649201,0.642881794279548,0.990248980183883,-1.39367045879709,0.429562211314743,0.898030516701812,0.685867637089006,0.634630681111934,-1.06360641578859,0.377881538146358,0.579950703333141,0.923994774971634,0.844162089261779,-0.689871759757088,0.460767297545155,0.719341555707816,0.683664190262409,1.35909679592611,-1.03910977670171,0.551488159227714,1.18787266519026,0.340176281891153,1.19235238618665,-1.04872151352615,0.577290298277877,0.633806142220797,0.645193424592396,0.814599047618679,-0.536157696944962,0.27645966570006,0.679648196701508,0.973007820006838,1.15936186253101,-1.04754780577423,0.313988749734321,1.13491483734374,0.755357929817073,0.594220046003465,-0.754607909428787,0.898665574319715
"28",1.09852756088599,0.572811786626259,0.723982424633376,-1.02209837115552,0.0565958952545284,0.549591980891389,0.946264132825868,0.863261237117594,-1.05098403876428,0.544332132982798,0.599289981693947,0.607480896338756,1.15451255849152,-0.818177477800577,0.833826074745564,0.426146403961519,0.0569518183391463,0.702135327238284,-0.528258432231122,0.31088273936576,0.839091924724845,0.594856046437348,0.916273564724184,-1.28955790400882,0.397472258501165,0.830944175894706,0.634630681111934,0.587221323224982,-0.984150917153338,0.349652330807274,0.536626150535069,0.854968803999743,0.781099927605352,-0.638335680383932,0.426346204518817,0.665603968993987,0.632591840255859,1.25756702700889,-0.961484271421749,0.510289868175297,1.09913399877491,0.314763802518782,1.10327906734704,-0.970377974459623,0.534164487991226,0.58645838056697,0.596994989056289,0.753745359115534,-0.49610465051208,0.255807063135184,0.628875856892491,0.900320385663633,1.07275306296129,-0.969291947200508,0.290532579946643,1.05013232477979,0.698929781142161,0.549829518310697,-0.698235790167625,0.831531792260899
"29",-1.84107229047259,-0.960001319551012,-1.21335506567232,1.71298113608904,-0.0948516343309257,-0.921086191291375,-1.58588708781117,-1.4467787606662,1.76139193989572,-0.912270973010645,-1.00437733065585,-1.01810485695844,-1.93490009365542,1.37122083842167,-1.39744703359965,-0.714198135716615,-0.0954481420126275,-1.17674052173778,0.885332327033122,-0.521022519062602,-1.40627231102357,-0.996946296943699,-1.53562453102742,2.16122872885932,-0.666141831496571,-1.39261712827258,-1.06360641578859,-0.984150917153338,1.64938327241682,-0.585998240252836,-0.899356166627509,-1.43288109493849,-1.30908088609496,1.06981579253868,-0.714532990555729,-1.11551595733754,-1.06018942968969,-2.10761376343689,1.61139521015944,-0.855217993482783,-1.842088647306,-0.527526969276706,-1.84903555620657,1.62630057148648,-0.895230554435942,-0.982872266860983,-1.00053104813871,-1.26323612092237,0.831444342184487,-0.428718688919849,-1.05396164420142,-1.5088878728323,-1.79787563740753,1.62448044902015,-0.486916761549319,-1.7599645137008,-1.1713682012758,-0.921484291053465,1.17020511024508,-1.39360194126021
"30",0.654102136499997,0.341072383420612,0.431084724318799,-0.608593495594035,0.0336991963799797,0.327246490397006,0.563439109780292,0.514016251991744,-0.62579304303359,0.324114591046297,0.35683843661865,0.361715596700767,0.68743758282798,-0.487171788237982,0.496489515948599,0.253742630788624,0.0339111255644332,0.418076190358187,-0.314543741504158,0.185110570968387,0.499624989144336,0.354198314852287,0.545581665535253,-0.767848354639661,0.236669031112342,0.494773531513941,0.377881538146358,0.349652330807274,-0.585998240252836,0.208195355998882,0.319526176733937,0.509078644222673,0.465094504369636,-0.380087625663716,0.253861599102261,0.396324128482225,0.376667540239135,0.748799855776979,-0.572501718246267,0.303844623378007,0.654463231053219,0.187421493143372,0.656931351385838,-0.577797343377218,0.318060415849458,0.349198047782977,0.355471916887153,0.448806627461209,-0.295398243413953,0.15231656672643,0.374454912405549,0.536082578867771,0.638755089452619,-0.577150684362207,0.172993366786979,0.625285902423941,0.416167494914596,0.327387928572069,-0.415754268159693,0.495123419067294
"31",1.00387808299848,0.523458144112038,0.661603872714284,-0.934034056135953,0.0517195752356689,0.502238964094454,0.864733719475649,0.788882379196356,-0.960430925598039,0.497432306325138,0.547654969619423,0.555140152499134,1.05503939571747,-0.747683050668785,0.761983359611494,0.389429496644178,0.0520448318761059,0.64163912805701,-0.482743520652551,0.284096985404817,0.766795502311214,0.543603063609942,0.83732714809234,-1.17844919206926,0.363225924516097,0.759349766066093,0.579950703333141,0.536626150535069,-0.899356166627509,0.319526176733937,0.490390273732886,0.781304424706959,0.713800113783486,-0.583336478710214,0.38961208232303,0.608255323053485,0.578087529642273,1.14921465902739,-0.878642486174484,0.466323133690162,1.00443227000941,0.287643654943913,1.00822019817821,-0.886769904979724,0.488140708802982,0.535928943254857,0.54555771426451,0.688802423461851,-0.453360118813065,0.233766646646995,0.574691716566574,0.822748499924313,0.980324323868375,-0.88577745016859,0.265500202079781,0.959652595556574,0.638709772814122,0.502456035215494,-0.638075576318794,0.75988675322257
"32",1.59940853260128,0.833989143035896,1.05408704218406,-1.48813094381131,0.0824011713527644,0.800182111933516,1.3777195784834,1.25687095860958,-1.53018722431653,0.792524001272732,0.872540247830196,0.884465864664196,1.68092026344554,-1.19123095839399,1.21401463753707,0.620450700466443,0.0829193799428417,1.02227861494888,-0.769121389405647,0.452631798859037,1.22168148695273,0.866084630206287,1.33405461073265,-1.87754043539121,0.578702387044653,1.20981871767463,0.923994774971634,0.854968803999743,-1.43288109493849,0.509078644222673,0.781304424706959,1.24479753527733,1.13724765177366,-0.929389093384669,0.620741601421083,0.969090540144167,0.921026311022315,1.83096310455227,-1.39987944083405,0.742959938666715,1.60029147989234,0.458282458654501,1.60632652013941,-1.41282828711854,0.777720350699902,0.853857992545793,0.869198837985215,1.09742058524749,-0.72230687635387,0.372444000538417,0.915616000248153,1.31082747322599,1.56188198035799,-1.41124707848372,0.423002848458848,1.52894716565743,1.01761147872004,0.800527956124213,-1.01660105792976,1.21067426164408
"33",1.46122043656065,0.761932898839645,0.963014449752903,-1.35955717570094,0.075281751424301,0.731046778289884,1.25868529703007,1.14827793737783,-1.39797981463735,0.72405032455409,0.797153207490746,0.808048457004072,1.53568959469085,-1.08830920030046,1.10912438097838,0.566844070742462,0.0757551870517767,0.933954254697357,-0.702669686629479,0.41352463817005,1.11612881844501,0.791255351995793,1.21879296062032,-1.71532188227143,0.52870279068774,1.10529098649024,0.844162089261779,0.781099927605352,-1.30908088609496,0.465094504369636,0.713800113783486,1.13724765177366,1.0389900243308,-0.849090341266051,0.56710983800034,0.885361602912787,0.841450099110717,1.67276880948545,-1.27893055837394,0.678768572129589,1.46202709764805,0.418687083789717,1.46754071344085,-1.2907606308258,0.710525701975303,0.780085089704596,0.794100493782592,1.0026039964023,-0.659899924055037,0.34026502545664,0.836507236477309,1.19757263615929,1.42693615963338,-1.28931603782497,0.386455614242696,1.39684689642523,0.92969035670083,0.731362741715746,-0.928767235760685,1.10607261188928
"34",-1.19414828832773,-0.622671873595976,-0.787001076657589,1.11106636180665,-0.0615222538340892,-0.597430912639809,-1.02863117390389,-0.93840333678314,1.14246636646778,-0.591713224162478,-0.651454848592604,-0.660358736898372,-1.25500646926291,0.889395286428559,-0.906406006889242,-0.463240083350518,-0.0619091580478807,-0.763252310683763,0.574240396968024,-0.337943356455112,-0.912130219884205,-0.646634963879878,-0.996030093294029,1.40180676261745,-0.432070012666878,-0.903273254737707,-0.689871759757088,-0.638335680383932,1.06981579253868,-0.380087625663716,-0.583336478710214,-0.929389093384669,-0.849090341266051,0.693899258653286,-0.463457275437453,-0.723541100450192,-0.687655449119882,-1.36703125732129,1.04517614109409,-0.554707769135123,-1.19480751326921,-0.342162244616039,-1.19931338705576,1.05484399162212,-0.580660542103945,-0.637506327801805,-0.64896008958285,-0.819354709404694,0.539287807001059,-0.278073648273926,-0.683616010028121,-0.978688278535027,-1.16613026340494,1.05366343171746,-0.315821828600194,-1.14154051550788,-0.759767739590477,-0.597689126373156,0.759013340553198,-0.903912019847356
"35",0.797575015789431,0.415884303707721,0.525640242737764,-0.74208436232154,0.0410908871643069,0.399025794567832,0.687025667404163,0.626762240056284,-0.763056514154091,0.395206934278736,0.435108534033043,0.441055466190025,0.838222366788243,-0.594029624754292,0.605391133013051,0.309399360535018,0.0413493015818796,0.509778374842715,-0.383536783626828,0.225713322620989,0.609214351045908,0.431889319415033,0.665251313551863,-0.936270697497743,0.288580782255702,0.603298758999583,0.460767297545155,0.426346204518817,-0.714532990555729,0.253861599102261,0.38961208232303,0.620741601421083,0.56710983800034,-0.463457275437453,0.309544423743549,0.483255145325373,0.459287017408474,0.913044039253723,-0.698076097737596,0.370490886308622,0.798015313990456,0.228531129943962,0.801024799823649,-0.704533282421372,0.387824816702957,0.425792277585914,0.433442277441592,0.547249325463373,-0.360191850030832,0.185726175367454,0.456589064625822,0.653668666475764,0.778861697779754,-0.703744783125426,0.21093829166325,0.762438135682019,0.507451019964002,0.399198256249906,-0.506947154715481,0.603725392021121
"36",1.24515966238995,0.649271039019985,0.820620022228383,-1.15852865970052,0.0641503484636734,0.622951840031229,1.07257202287295,0.978489852085952,-1.19127000312082,0.616989904546605,0.679283559055974,0.688567801779543,1.30861757022904,-0.927388286199729,0.945125667019908,0.483028675272797,0.0645537803698536,0.79585676149168,-0.59877067681492,0.352379549293536,0.951094405735129,0.674257779527319,1.03857829619553,-1.46168884747222,0.45052708810102,0.941859090624426,0.719341555707816,0.665603968993987,-1.11551595733754,0.396324128482225,0.608255323053485,0.969090540144167,0.885361602912787,-0.723541100450192,0.483255145325373,0.754449176176817,0.717030569181478,1.42542780949456,-1.08982375447292,0.578403658316688,1.24584704796307,0.356778659026781,1.25054540271321,-1.09990459419542,0.605465076353132,0.664739188303634,0.676682229458392,0.854355730617573,-0.562324989500938,0.289952339578513,0.712818574184788,1.02049567746081,1.21594476940328,-1.09867360338239,0.329313038689603,1.19030460185539,0.792223337227291,0.623221084084234,-0.791436711931465,0.942525142366954
