"","V1","V2","V3","V4","V5","V6","V7","V8","V9","V10","V11","V12","V13","V14","V15","V16","V17","V18","V19","V20","V21","V22","V23","V24","V25","V26","V27","V28","V29","V30","V31","V32","V33","V34","V35","V36","V37","V38","V39","V40","V41","V42","V43","V44","V45","V46","V47","V48","V49","V50","V51","V52","V53","V54","V55","V56","V57","V58","V59","V60"
"1",2.05523574349149,1.07166762063632,1.35450091254288,-1.91224509481157,0.105885184659217,1.02823202090421,1.77033918696308,1.61507702895397,-1.96628234163251,1.01838703453031,1.12121158438888,1.13653770566535,2.15996329676972,-1.53072722115542,1.56000279940147,0.797274287308169,0.106550211709041,1.31362356404714,-0.988317393189045,0.581626085034873,1.56985759786411,1.11291397264027,1.71425683732147,-2.41263515905239,0.743630048948756,1.55461494915368,1.18733213246251,1.09863426980586,-1.8412486554786,0.654161116979583,1.00397042053888,1.59955565491694,1.4613605845175,-1.19426056052455,0.797647996995596,1.24527905983632,1.18351868748858,2.35276410714828,-1.79883983425939,0.954699447960058,2.05636732550545,0.588891830253591,2.06410794044988,-1.81548118531821,0.999367871755696,1.09720704642048,1.11691842382935,1.41017642883523,-0.928160447210058,0.478589492698346,1.17656460477764,1.68438486646858,2.00700113647549,-1.81344806424244,0.543558265271585,1.96468583074856,1.30763141286881,1.02867670366794,-1.30632873856298,1.55571172830933
"2",1.07166762063632,0.558802800485195,0.706281396035173,-0.997107585988558,0.0552120233718825,0.536154047920805,0.923113170944045,0.842154367081566,-1.0252843865866,0.531020547709981,0.584636655272773,0.592628199782422,1.12627601687124,-0.798171598627452,0.813436849526795,0.415725077368772,0.0555587903831126,0.684966599939843,-0.515341246154608,0.303279000778006,0.81857546608392,0.580310007165487,0.893869986365118,-1.25802744943158,0.387753204329129,0.810627446919975,0.619114087194456,0.572864099702851,-0.960087703741684,0.341101155897259,0.523503250259915,0.8340610113505,0.762001549195058,-0.62272679782364,0.415919941910614,0.649329524026231,0.617125631361795,1.22680871068481,-0.937974347318265,0.497811742063254,1.0722576647752,0.307067599684653,1.07629387640008,-0.94665169596299,0.521103329706297,0.572119898413839,0.582398059930894,0.735312444303808,-0.483973432819225,0.249552327282063,0.613499543553547,0.878293756714087,1.04651650758428,-0.945591559658608,0.283429185515826,1.02445191321913,0.681842094920842,0.536385920162644,-0.681162837624827,0.811199343702044
"3",1.35450091254288,0.706281396035173,0.892682373732323,-1.26026307888541,0.0697835173896072,0.67765521061566,1.16674014250952,1.06441478378963,-1.29587626844873,0.671166882904526,0.738933292211246,0.749033956001497,1.42352149421239,-1.00882413342372,1.02811817186922,0.525442763987412,0.0702218027535637,0.86574220104646,-0.651349518027739,0.383320047558204,1.03461296622691,0.733464760087366,1.12977913012557,-1.59004461406353,0.490088586229168,1.02456731494179,0.782509968506015,0.724053737249089,-1.21347295168548,0.431124182568784,0.661665628915042,1.05418543887692,0.963108125942023,-0.787076141589678,0.525689056956113,0.820699828844633,0.779996721685801,1.55058666151681,-1.18552346354369,0.629193647279246,1.35524668045558,0.388108529152213,1.36034812443303,-1.19649092811145,0.658632324075641,0.723113127207625,0.736103889348827,0.92937526303376,-0.611703147297584,0.315413891883799,0.775413640933285,1.11009203977215,1.32271194651978,-1.19515100184694,0.358231491770295,1.29482408966289,0.861793080238864,0.677948278314186,-0.8609345541347,1.02529014606804
"4",-1.91224509481157,-0.997107585988558,-1.26026307888541,1.77920285505489,-0.0985183454594018,-0.956693967847198,-1.64716988654148,-1.50270991351746,1.82948052295635,-0.947533935008347,-1.04320458579181,-1.05746440991477,-2.00968634975379,1.42422864599286,-1.45146740975807,-0.741804851318145,-0.0991371040217567,-1.22222972461088,0.919556354168935,-0.541160123185159,-1.46063657202094,-1.03548427077919,-1.59498940148165,2.24477885959216,-0.691892848769267,-1.44645441295683,-1.10472487324324,-1.02219806174603,1.71314591083645,-0.608648614214727,-0.934120340253479,-1.48826842111881,-1.35968811283285,1.11117126393994,-0.742152560586499,-1.1586402101971,-1.10117674429072,-2.18907326684573,1.67368763428108,-0.888277338578945,-1.9132979483163,-0.547920362587691,-1.92050001893287,1.68917118259618,-0.929838008476144,-1.0208701357762,-1.03921011691046,-1.31206503555549,0.863584758097071,-0.445292182533785,-1.09470648383761,-1.56719573843512,-1.86736635476504,1.68727951356667,-0.505740827932512,-1.82799508746978,-1.21665447041709,-0.957107712322204,1.21544242816872,-1.44747488497184
"5",0.105885184659217,0.0552120233718825,0.0697835173896072,-0.0985183454594018,0.00545517581903755,0.0529742331266595,0.0912073918112111,0.0832083277994815,-0.101302329669598,0.0524670221152374,0.0577645148645507,0.0585541124504272,0.111280719625408,-0.0788626487195983,0.0803709185219336,0.0410753537169691,0.00548943783116779,0.0676775275499707,-0.0509178423989254,0.0299652171832666,0.0808786350494899,0.0573370241715656,0.0883180444617739,-0.124298305019547,0.0383116171954643,0.0800933379474374,0.0611710274579192,0.0566013377782709,-0.0948606282789152,0.0337022022352491,0.0517242820964936,0.082408670844662,0.07528889852921,-0.0615279781810029,0.0410946071380851,0.0641564373433012,0.0609745598134989,0.121213764763431,-0.0926757373824835,0.0491858550346011,0.105943483455783,0.0303395463942134,0.106342277825413,-0.0935330952478389,0.0514871600391562,0.0565278076189256,0.0575433324040678,0.0726519047959094,-0.0478185729580881,0.0246568000633525,0.060616287369904,0.0867790486750817,0.103400150868311,-0.0934283494048257,0.0280039734972445,0.101220077864522,0.0673688135564386,0.0529971430612994,-0.0673017001316839,0.0801498437102404
"6",1.02823202090421,0.536154047920805,0.67765521061566,-0.956693967847198,0.0529742331266595,0.514423268552465,0.885698609350066,0.808021134634467,-0.983728738762773,0.50949783346938,0.560940834611445,0.568608475028184,1.08062709241493,-0.765821025177318,0.780467562480108,0.398875386558415,0.0533069453761238,0.657204321326639,-0.494454027335651,0.290986845046803,0.785397906539628,0.556789549230204,0.85764067590293,-1.20703852740641,0.372037237313082,0.777772027349328,0.59402086690669,0.549645430727094,-0.921174532899881,0.327276036064938,0.502285218475722,0.800255809491669,0.731116978598032,-0.597487151302763,0.399062353074714,0.623011646396316,0.592113004879394,1.17708511068135,-0.899957449611755,0.477635008947656,1.02879815005251,0.294621888818923,1.0326707705889,-0.908283097938948,0.499982568742412,0.548931392549001,0.558792971441891,0.705509605817506,-0.46435757814179,0.239437759302855,0.588633885492696,0.842695764081635,1.00410030384613,-0.907265929860246,0.271941559672325,0.982930006248606,0.654206455152325,0.514645742815219,-0.653554728731981,0.778320744668628
"7",1.77033918696308,0.923113170944045,1.16674014250952,-1.64716988654148,0.0912073918112111,0.885698609350066,1.52493496029454,1.39119522584003,-1.69371649605119,0.877218333922776,0.965789355798458,0.978990971800806,1.86054941813017,-1.31853797927769,1.34375538003287,0.686756211811457,0.0917802328832985,1.13152920764216,-0.851316943012779,0.501001140019062,1.35224410739822,0.958641958093206,1.47662673989601,-2.07819593418484,0.640548131972828,1.33911439300383,1.02274428064779,0.946341706121631,-1.58601496595194,0.563481373678871,0.864800149403953,1.37782542299366,1.25878693830984,-1.02871229076104,0.687078117902422,1.07265861121489,1.0194594550038,2.02662420102176,-1.54948485094443,0.822359113716297,1.77131390920063,0.507259708421212,1.77798152093847,-1.56381937971892,0.860835605435419,0.945112324287603,0.962091312691465,1.21469792475367,-0.799498946380578,0.41224746897079,1.01346934648629,1.45089561841267,1.728790855956,-1.56206808966683,0.468210277315055,1.69234129333334,1.12636768781223,0.886081650237178,-1.12524559007781,1.34005913675152
"8",1.61507702895397,0.842154367081566,1.06441478378963,-1.50270991351746,0.0832083277994815,0.808021134634467,1.39119522584003,1.26918472380373,-1.5451742956813,0.800284595703013,0.8810877682904,0.893131577130806,1.69737564901927,-1.20289965777004,1.22590544388693,0.626526368707254,0.0837309296057245,1.03229191575899,-0.776654806685884,0.457062374647312,1.23364969350519,0.874567211136405,1.34712372945681,-1.89593414622724,0.584370826510019,1.22167148036318,0.933047636482528,0.863345714964411,-1.44691839730462,0.514062971420375,0.788955509895412,1.25698747842961,1.1483888982309,-0.938492240608934,0.626820043013752,0.978584384077677,0.930050896377127,1.84888535343747,-1.4135920437741,0.750236634818295,1.61596626617307,0.462772054540797,1.6220491155135,-1.42666940675349,0.785338664072301,0.862224152286155,0.877714050689746,1.10816657611987,-0.729381348207767,0.376092571571723,0.9245861319191,1.32364927690952,1.57717256663677,-1.42507170821357,0.42714733378801,1.54391970089172,1.02758307116402,0.808370582097688,-1.02655938356311,1.22253336826374
"9",-1.96628234163251,-1.0252843865866,-1.29587626844873,1.82948052295635,-0.101302329669598,-0.983728738762773,-1.69371649605119,-1.5451742956813,1.88117896414536,-0.974309856806336,-1.07268402011752,-1.08734680599358,-2.06647714378379,1.46447526243433,-1.49248375378555,-0.762767170401828,-0.101938573443052,-1.25676814726386,0.945541670492043,-0.556452515999003,-1.50191202315016,-1.06474554030532,-1.64006146687666,2.30821302377087,-0.711444727732916,-1.48732909703381,-1.13594278082561,-1.05108388245611,1.76155690620275,-0.6258481329808,-0.96051721350142,-1.53032470785006,-1.39811090829563,1.14257133708578,-0.763124705425054,-1.19138168626885,-1.13229438694342,-2.25093327252733,1.72098359651949,-0.913378755714475,-1.96736494723589,-0.563403789869949,-1.97477053782413,1.7369046872418,-0.956113869297461,-1.04971843124248,-1.06857667339356,-1.34914207257539,0.88798839905853,-0.457875487697073,-1.12564128640247,-1.61148239560282,-1.92013539409548,1.73495956241495,-0.52003232331695,-1.87965155242664,-1.25103534454882,-0.984154175050914,1.24978905176096,-1.48837840609398
"10",1.01838703453031,0.531020547709981,0.671166882904526,-0.947533935008347,0.0524670221152374,0.50949783346938,0.877218333922776,0.800284595703013,-0.974309856806336,0.504619557821417,0.555570008999096,0.563164234258664,1.07028044031327,-0.758488538535752,0.772994840018961,0.395056284774272,0.0527965487533847,0.650911804213007,-0.489719791226806,0.288200740873595,0.777877977641512,0.55145847082197,0.849429046040893,-1.19548152702761,0.368475102058136,0.770325113758255,0.588333310769933,0.544382754924388,-0.912354587070533,0.324142474718805,0.497476001264851,0.79259362101679,0.724116771888179,-0.591766406622999,0.395241461147133,0.617046512997578,0.586443715899543,1.16581490450223,-0.891340650437656,0.473061809456506,1.0189477431766,0.291800980286701,1.0227832846339,-0.899586583396459,0.495195398652023,0.543675553429058,0.553442710919141,0.69875458135346,-0.459911505721872,0.237145220819509,0.582997907946704,0.834627226877916,0.9944863707956,-0.898579154370493,0.269337807897395,0.973518771895588,0.647942641629942,0.5097181776136,-0.647297155277596,0.770868577288116
"11",1.12121158438888,0.584636655272773,0.738933292211246,-1.04320458579181,0.0577645148645507,0.560940834611445,0.965789355798458,0.8810877682904,-1.07268402011752,0.555570008999096,0.611664827720547,0.620025827072246,1.17834456600041,-0.835071644863096,0.851042619274718,0.43494434626108,0.0581273131637512,0.716633097784563,-0.539165842072253,0.317299806792969,0.856418797765732,0.607138155563948,0.935194237794569,-1.3161869619093,0.405679313441967,0.848103335967728,0.647736176080981,0.59934801845181,-1.00447324780171,0.35687050730651,0.547705181489138,0.872620250911399,0.797229428068826,-0.651515904917129,0.43514821953064,0.679348494257619,0.645655792507106,1.28352495844959,-0.981337575029462,0.520825936417411,1.12182890669206,0.321263555347967,1.12605171527909,-0.990416083733934,0.545194310884751,0.598569412202736,0.609322740508298,0.769306466690866,-0.50634787219863,0.261089310595871,0.641862068055298,0.91889790786023,1.09489771731741,-0.989306936566831,0.296532320315473,1.07181306090841,0.713364144654575,0.56118342647355,-0.712653484805936,0.848701671948757
"12",1.13653770566535,0.592628199782422,0.749033956001497,-1.05746440991477,0.0585541124504272,0.568608475028184,0.978990971800806,0.893131577130806,-1.08734680599358,0.563164234258664,0.620025827072246,0.62850111501304,1.19445165227693,-0.846486447815462,0.862675733466589,0.440889709198927,0.0589218699302229,0.726428934645597,-0.546535834675594,0.32163705712789,0.86812540028461,0.61543727870297,0.947977641484875,-1.33417825033477,0.411224645334478,0.859696272361709,0.656590243705676,0.607540656260318,-1.01820364358884,0.361748659433305,0.555191900456483,0.884548315141182,0.808126956305131,-0.660421638599633,0.441096369263145,0.68863467855766,0.654481422848956,1.30106978178932,-0.994751723525128,0.527945236268217,1.13716346630132,0.325654987152211,1.14144399751398,-1.0039543286333,0.552646708134475,0.606751407047894,0.617651725284733,0.779822308991674,-0.513269267772353,0.264658205614345,0.650635841029771,0.931458552945102,1.10986414777048,-1.00283002025646,0.300585694689074,1.08646394142543,0.723115297378543,0.568854382939063,-0.722394923342877,0.860302787146755
"13",2.15996329676972,1.12627601687124,1.42352149421239,-2.00968634975379,0.111280719625408,1.08062709241493,1.86054941813017,1.69737564901927,-2.06647714378379,1.07028044031327,1.17834456600041,1.19445165227693,2.27002739620835,-1.60872767298469,1.6394950312809,0.837900568583127,0.111979634104454,1.38056118043832,-1.03867855627157,0.611263695708683,1.64985199546068,1.16962413726876,1.80160931006416,-2.53557452401855,0.781522809337534,1.6338326352173,1.24783438363015,1.15461679122159,-1.93507218267044,0.687494856648125,1.05512920660015,1.68106336059124,1.53582635758437,-1.25511585991125,0.838293321196079,1.30873408172287,1.24382661897151,2.47265265480651,-1.89050235773291,1.00334755931057,2.16115254020575,0.618899677637185,2.16928758954369,-1.90799169325539,1.05029212818968,1.15311684157422,1.17383264114454,1.48203403813881,-0.975456224832535,0.502976722607953,1.23651818077121,1.77021516910066,2.10927082457105,-1.90585497151168,0.571256074326495,2.06479928034494,1.37426369040349,1.08109443464144,-1.37289463641678,1.6349853023643
"14",-1.53072722115542,-0.798171598627452,-1.00882413342372,1.42422864599286,-0.0788626487195983,-0.765821025177318,-1.31853797927769,-1.20289965777004,1.46447526243433,-0.758488538535752,-0.835071644863096,-0.846486447815462,-1.60872767298469,1.14007642821823,-1.16188070282673,-0.593805094220793,-0.0793579568667022,-0.978378930108602,0.736092850509587,-0.433191610118874,-1.16922049745297,-0.828891633536216,-1.27676818255503,1.79691615639393,-0.553851188117834,-1.15786786436577,-0.884317831406193,-0.818256196746128,1.37135092496438,-0.487215265671168,-0.747751131139318,-1.19133943173589,-1.08841257443506,0.88947808295785,-0.594083430948424,-0.927476354409843,-0.881477600524427,-1.75232455701217,1.33976508997541,-0.711054407088054,-1.53157001663386,-0.438603093460137,-1.53733518009088,1.35215946815962,-0.74432318048625,-0.8171932093523,-0.831874124698279,-1.05029092311462,0.69128831894029,-0.356450575829214,-0.876298241544551,-1.25451971831978,-1.49480237594244,1.35064521180998,-0.404838926906626,-1.4632861907297,-0.973916011948974,-0.766152222225339,0.972945787960532,-1.15868473888465
"15",1.56000279940147,0.813436849526795,1.02811817186922,-1.45146740975807,0.0803709185219336,0.780467562480108,1.34375538003287,1.22590544388693,-1.49248375378555,0.772994840018961,0.851042619274718,0.862675733466589,1.6394950312809,-1.16188070282673,1.18410199017177,0.605161779630517,0.0808756995732989,0.997090695684352,-0.75017082831231,0.441476518561277,1.19158216038481,0.844744413534972,1.30118672448326,-1.83128267108777,0.564443744107118,1.18001240507384,0.901230652652141,0.833905571097147,-1.39757838780148,0.496533391353978,0.762052076758955,1.21412412535692,1.10922876365969,-0.906489595431067,0.60544543962446,0.945214594254034,0.898336101575198,1.7858382451287,-1.36538846504893,0.724653517787994,1.56086171357476,0.446991498006741,1.56673713736526,-1.37801988911782,0.75855856560877,0.832822253777652,0.84778394565912,1.07037802529442,-0.70450939777917,0.363267790927578,0.893057685933244,1.27851275226293,1.52339088166344,-1.37647667219987,0.412581582500583,1.49127194075819,0.992542422989977,0.780805093762576,-0.991553643201456,1.1808449025421
"16",0.797274287308169,0.415725077368772,0.525442763987412,-0.741804851318145,0.0410753537169691,0.398875386558415,0.686756211811457,0.626526368707254,-0.762767170401828,0.395056284774272,0.43494434626108,0.440889709198927,0.837900568583127,-0.593805094220793,0.605161779630517,0.309281449203923,0.041333333352088,0.509585479005775,-0.383391563612288,0.225626439154005,0.608984687754679,0.431725507490789,0.665000549239566,-0.935917927205947,0.288471587346648,0.603071705788607,0.460594062119113,0.426186074880041,-0.714263662551909,0.253764484184475,0.389463741105343,0.620505262630927,0.566896144255513,-0.463281762332005,0.309426419981921,0.483073038251148,0.459114737115445,0.912692537910141,-0.697812283278169,0.370350371910516,0.797713254587992,0.22844499262621,0.80071602119649,-0.704267854784884,0.387678304173092,0.425632421358291,0.433278928298085,0.547040606333756,-0.360055269280157,0.185656121402422,0.456417084860802,0.653412509109549,0.778562948692125,-0.703479159297356,0.210859036452264,0.762147846277471,0.507260982618792,0.399047889462113,-0.506755644614591,0.60349717222107
"17",0.106550211709041,0.0555587903831126,0.0702218027535637,-0.0991371040217567,0.00548943783116779,0.0533069453761238,0.0917802328832985,0.0837309296057245,-0.101938573443052,0.0527965487533847,0.0581273131637512,0.0589218699302229,0.111979634104454,-0.0793579568667022,0.0808756995732989,0.041333333352088,0.00552391503076661,0.0681025859434636,-0.051237639192244,0.0301534180165074,0.0813866048871388,0.0576971375543135,0.0888727385744931,-0.125078978305912,0.0385522387879892,0.0805963756142949,0.0615552208467864,0.0569568305773809,-0.0954564140252576,0.0339138737377092,0.0520491438496993,0.0829262502910042,0.0757617612269947,-0.0619144134499505,0.0413527076970697,0.064559381026036,0.0613575192592193,0.121975065153454,-0.0932578006089879,0.0494947738335059,0.106608876659539,0.0305300982556138,0.107010175714258,-0.0941205432330673,0.0518105325133589,0.0568828386013508,0.0579047415351837,0.0731082054773128,-0.0481189043463127,0.0248116606234678,0.0609969966342891,0.0873240769045991,0.104049570307911,-0.0940151395188025,0.0281798564589465,0.101855805043748,0.0677919330275316,0.0533299991998857,-0.0677243980873117,0.0806532362696248
"18",1.31362356404714,0.684966599939843,0.86574220104646,-1.22222972461088,0.0676775275499707,0.657204321326639,1.13152920764216,1.03229191575899,-1.25676814726386,0.650911804213007,0.716633097784563,0.726428934645597,1.38056118043832,-0.978378930108602,0.997090695684352,0.509585479005775,0.0681025859434636,0.839615053156091,-0.631692505622359,0.371751869918497,1.00338948428826,0.711329599948455,1.09568363797957,-1.54205881559638,0.475298251466332,0.993646999715426,0.758894677893945,0.702202591433609,-1.17685167201201,0.418113328687024,0.641697287623903,1.02237128123032,0.934042581475682,-0.763323048893679,0.509824339123438,0.795932010230841,0.756457278099876,1.50379166068017,-1.1497456686966,0.610205274696421,1.31434682550408,0.376395840402125,1.31929431351046,-1.16038214724057,0.63875552458995,0.701290367969154,0.713889083190082,0.90132773928641,-0.593242618776356,0.305895047371006,0.752012509686148,1.07659068237039,1.28279395407202,-1.15908265847771,0.34742045916364,1.25574772207708,0.835785112473077,0.657488544564202,-0.834952495742933,0.994348016592919
"19",-0.988317393189045,-0.515341246154608,-0.651349518027739,0.919556354168935,-0.0509178423989254,-0.494454027335651,-0.851316943012779,-0.776654806685884,0.945541670492043,-0.489719791226806,-0.539165842072253,-0.546535834675594,-1.03867855627157,0.736092850509587,-0.75017082831231,-0.383391563612288,-0.051237639192244,-0.631692505622359,0.475259966051693,-0.279691114750602,-0.754909782837521,-0.535175704182204,-0.824348181994853,1.16018286401546,-0.357595236362295,-0.747579930344205,-0.570961750602603,-0.528308911053725,0.885415737419993,-0.314571606642347,-0.482787160552321,-0.769190921350308,-0.702735969814323,0.574293478353472,-0.38357127233196,-0.59882714579474,-0.569127949294096,-1.13139219991148,0.865022273668538,-0.459093840049699,-0.988861545941236,-0.283185050858359,-0.992583836392726,0.873024731172345,-0.480573896682312,-0.527622590907626,-0.537101356153216,-0.678122641889937,0.446331821813035,-0.230143097369334,-0.565783884790221,-0.80998341218378,-0.9651224379541,0.872047048233534,-0.261385142546689,-0.944773943733677,-0.628811012708024,-0.494667865437312,0.628184585458404,-0.748107347171908
"20",0.581626085034873,0.303279000778006,0.383320047558204,-0.541160123185159,0.0299652171832666,0.290986845046803,0.501001140019062,0.457062374647312,-0.556452515999003,0.288200740873595,0.317299806792969,0.32163705712789,0.611263695708683,-0.433191610118874,0.441476518561277,0.225626439154005,0.0301534180165074,0.371751869918497,-0.279691114750602,0.164598588684673,0.444265399528719,0.31495160539964,0.485129988709578,-0.682769140533363,0.210445266658115,0.439951771701312,0.336011740758799,0.310910488617131,-0.521068325350569,0.185125804013368,0.284120878608718,0.45266986831605,0.413561041982095,-0.337972466919741,0.225732197971759,0.352410562458431,0.334932546278211,0.665825796862844,-0.509066745125632,0.270177328348057,0.581946319644826,0.166654774676867,0.584136892468478,-0.513776201885852,0.282818369911883,0.310506588308984,0.31608485411585,0.399076066144376,-0.262666863840109,0.135439515324933,0.332964559921908,0.476676302793273,0.567975823389341,-0.513200834191197,0.153825499979471,0.556000707792528,0.370056107550689,0.29111268905072,-0.369687454290849,0.440262157197705
"21",1.56985759786411,0.81857546608392,1.03461296622691,-1.46063657202094,0.0808786350494899,0.785397906539628,1.35224410739822,1.23364969350519,-1.50191202315016,0.777877977641512,0.856418797765732,0.86812540028461,1.64985199546068,-1.16922049745297,1.19158216038481,0.608984687754679,0.0813866048871388,1.00338948428826,-0.754909782837521,0.444265399528719,1.19910958408352,0.850080805207485,1.30940653853549,-1.84285118984851,0.568009429594224,1.18746674069418,0.906923877339713,0.839173491990098,-1.40640712410426,0.499670075790467,0.766866087116738,1.22179395041659,1.11623594718463,-0.912216041739288,0.609270139676221,0.951185672853307,0.904011040899748,1.79711968385391,-1.37401385222863,0.729231275197005,1.57072193794181,0.449815218021255,1.57663447776656,-1.3867250711149,0.763350506872624,0.838083331174002,0.853139538564166,1.0771397822106,-0.708959901414682,0.365562614288748,0.898699280623814,1.28658933104234,1.53301439652147,-1.38517210543771,0.41518792932669,1.50069255489734,0.99881247939496,0.785737570063631,-0.997817453319226,1.18830449718812
"22",1.11291397264027,0.580310007165487,0.733464760087366,-1.03548427077919,0.0573370241715656,0.556789549230204,0.958641958093206,0.874567211136405,-1.06474554030532,0.55145847082197,0.607138155563948,0.61543727870297,1.16962413726876,-0.828891633536216,0.844744413534972,0.431725507490789,0.0576971375543135,0.711329599948455,-0.535175704182204,0.31495160539964,0.850080805207485,0.602644983389503,0.928273261590963,-1.30644642002534,0.40267705277658,0.841826882618021,0.642942555162781,0.594912497780547,-0.997039567006598,0.354229459929377,0.543651847567174,0.866162358264856,0.791329470950302,-0.646694311827723,0.431927871980685,0.674320923970402,0.640877567626037,1.27402613421056,-0.974075111543266,0.516971524396368,1.11352672640271,0.318886019931482,1.11771828377308,-0.983086434052434,0.541159558851983,0.594139653666337,0.604813401146542,0.763613155575301,-0.502600606194834,0.259157099261987,0.637111918921055,0.912097533887822,1.08679484334675,-0.98198549521344,0.294337810287969,1.06388102669618,0.708084838955148,0.557030345772753,-0.70737943839886,0.842420790568039
"23",1.71425683732147,0.893869986365118,1.12977913012557,-1.59498940148165,0.0883180444617739,0.85764067590293,1.47662673989601,1.34712372945681,-1.64006146687666,0.849429046040893,0.935194237794569,0.947977641484875,1.80160931006416,-1.27676818255503,1.30118672448326,0.665000549239566,0.0888727385744931,1.09568363797957,-0.824348181994853,0.485129988709578,1.30940653853549,0.928273261590963,1.42984886945918,-2.01236102985519,0.620256289277298,1.29669275869126,0.990344894833117,0.916362667735092,-1.53577179983305,0.545630919004471,0.837404255607919,1.3341774668921,1.21890998720439,-0.996123845114049,0.665312257708472,1.03867799567904,0.987164128762358,1.96242303105905,-1.50039891768657,0.796307704084719,1.71520068145739,0.491190292720379,1.72165707077213,-1.51427934474959,0.833565303922858,0.915172231331616,0.931613344524197,1.17621766389369,-0.774171721078663,0.399187933903189,0.981363780129704,1.40493288089631,1.67402471060095,-1.51258353359202,0.453377903569079,1.63872982903057,1.09068562927899,0.858011582486562,-1.0895990783358,1.29760757402208
"24",-2.41263515905239,-1.25802744943158,-1.59004461406353,2.24477885959216,-0.124298305019547,-1.20703852740641,-2.07819593418484,-1.89593414622724,2.30821302377087,-1.19548152702761,-1.3161869619093,-1.33417825033477,-2.53557452401855,1.79691615639393,-1.83128267108777,-0.935917927205947,-0.125078978305912,-1.54205881559638,1.16018286401546,-0.682769140533363,-1.84285118984851,-1.30644642002534,-2.01236102985519,2.83218527564493,-0.872945114497542,-1.82495788962136,-1.39380567768117,-1.28968351911327,2.16143634949584,-0.767917799944813,-1.17855790651334,-1.87771365116376,-1.71548686685969,1.40193893888605,-0.93635662390243,-1.46182940429445,-1.38932908590801,-2.76190282493788,2.11165275972934,-1.12071885756685,-2.4139635198309,-0.691298377350554,-2.42305020481424,2.13118799250533,-1.17315498811299,-1.28800810580348,-1.3111472334294,-1.65540193792806,1.0895648030997,-0.561814789614114,-1.38116570878666,-1.97729441164455,-2.35601269657411,2.12880131768929,-0.6380814395335,-2.30633888436733,-1.53502464705539,-1.2075605391872,1.53349544154162,-1.82624539542745
"25",0.743630048948756,0.387753204329129,0.490088586229168,-0.691892848769267,0.0383116171954643,0.372037237313082,0.640548131972828,0.584370826510019,-0.711444727732916,0.368475102058136,0.405679313441967,0.411224645334478,0.781522809337534,-0.553851188117834,0.564443744107118,0.288471587346648,0.0385522387879892,0.475298251466332,-0.357595236362295,0.210445266658115,0.568009429594224,0.40267705277658,0.620256289277298,-0.872945114497542,0.269061907594163,0.562494299934507,0.429603199816667,0.397510338373452,-0.666204756382027,0.236690056106897,0.363258850150258,0.578754847821703,0.528752794630943,-0.432110059341286,0.288606803831683,0.450569688247921,0.428223410524073,0.851282434973277,-0.65086030069174,0.345431515321847,0.744039480514501,0.213074175039917,0.746840207335377,-0.656881512001261,0.361593545531182,0.396993937177485,0.404125952370304,0.510233227561357,-0.335829113996709,0.17316433358493,0.425707268576312,0.609447945165011,0.726177694254207,-0.656145883531445,0.196671481940915,0.710867074551016,0.473130157763136,0.372198133437243,-0.472658821197061,0.562891139051276
"26",1.55461494915368,0.810627446919975,1.02456731494179,-1.44645441295683,0.0800933379474374,0.777772027349328,1.33911439300383,1.22167148036318,-1.48732909703381,0.770325113758255,0.848103335967728,0.859696272361709,1.6338326352173,-1.15786786436577,1.18001240507384,0.603071705788607,0.0805963756142949,0.993646999715426,-0.747579930344205,0.439951771701312,1.18746674069418,0.841826882618021,1.29669275869126,-1.82495788962136,0.562494299934507,1.17593694435575,0.898118032727951,0.831025474766811,-1.3927515098844,0.494818492152086,0.759420144000776,1.20993085149089,1.10539777151568,-0.903358812465013,0.603354386093558,0.94195006505715,0.895233478689311,1.77967041707402,-1.36067276288316,0.722150750077017,1.55547089685733,0.445447703819821,1.5613260284384,-1.37326056124745,0.75593869854363,0.829945898947967,0.84485591697645,1.06668121365343,-0.702076202701026,0.362013156988386,0.889973293343504,1.27409709656557,1.51812947960544,-1.37172267420561,0.411156631351545,1.48612146929838,0.989114435590402,0.778108392885168,-0.988129070794105,1.17676656659091
"27",1.18733213246251,0.619114087194456,0.782509968506015,-1.10472487324324,0.0611710274579192,0.59402086690669,1.02274428064779,0.933047636482528,-1.13594278082561,0.588333310769933,0.647736176080981,0.656590243705676,1.24783438363015,-0.884317831406193,0.901230652652141,0.460594062119113,0.0615552208467864,0.758894677893945,-0.570961750602603,0.336011740758799,0.906923877339713,0.642942555162781,0.990344894833117,-1.39380567768117,0.429603199816667,0.898118032727951,0.68593473874829,0.634693014899093,-1.06370945495003,0.377916020805447,0.58000467543574,0.924080769205864,0.844243967927571,-0.689937367299082,0.460809958286499,0.719411311480287,0.683731669943525,1.35921751719632,-1.03920941582173,0.551540296531387,1.18798585974901,0.340209241114556,1.19245769753095,-1.04882330605417,0.577345732743252,0.633868492363888,0.645255970343855,0.814674322252145,-0.536208425988696,0.276486376192704,0.679714220421902,0.973087531065512,1.15946647326105,-1.04764874980674,0.314019545575896,1.13502045905384,0.755432946723139,0.594277764995296,-0.754680377551282,0.898751654023143
"28",1.09863426980586,0.572864099702851,0.724053737249089,-1.02219806174603,0.0566013377782709,0.549645430727094,0.946341706121631,0.863345714964411,-1.05108388245611,0.544382754924388,0.59934801845181,0.607540656260318,1.15461679122159,-0.818256196746128,0.833905571097147,0.426186074880041,0.0569568305773809,0.702202591433609,-0.528308911053725,0.310910488617131,0.839173491990098,0.594912497780547,0.916362667735092,-1.28968351911327,0.397510338373452,0.831025474766811,0.634693014899093,0.587279227025014,-0.98424663863926,0.349684372395807,0.536676297776729,0.855048704032422,0.781175991016477,-0.638396633099069,0.426385842848687,0.66566877057307,0.63265452303866,1.25767921517904,-0.96157683811587,0.510338307522726,1.09923916137783,0.31479442101673,1.10337693723846,-0.970472537126062,0.534215987402277,0.586516299206726,0.597053092757073,0.753815301284562,-0.4961517813285,0.25583187695742,0.628937191046208,0.900394489393725,1.07285027279909,-0.969385724338,0.290561187325936,1.05023046134625,0.698999463687697,0.549883137630052,-0.698303114064878,0.831611762335339
"29",-1.8412486554786,-0.960087703741684,-1.21347295168548,1.71314591083645,-0.0948606282789152,-0.921174532899881,-1.58601496595194,-1.44691839730462,1.76155690620275,-0.912354587070533,-1.00447324780171,-1.01820364358884,-1.93507218267044,1.37135092496438,-1.39757838780148,-0.714263662551909,-0.0954564140252576,-1.17685167201201,0.885415737419993,-0.521068325350569,-1.40640712410426,-0.997039567006598,-1.53577179983305,2.16143634949584,-0.666204756382027,-1.3927515098844,-1.06370945495003,-0.98424663863926,1.64954148060037,-0.586051152973257,-0.899439002465533,-1.43301307808887,-1.30920660558442,1.06991650876086,-0.714598462324486,-1.11562306264881,-1.06029305833799,-2.10779895331409,1.61154818211985,-0.855298026277197,-1.84226241940732,-0.527577575521689,-1.84919709680584,1.62645686856102,-0.895315661974962,-0.982968014935032,-1.00062708264376,-1.26335164314022,0.831522213890016,-0.428759699585608,-1.05406302098964,-1.5090100396099,-1.79803614051676,1.62463543203772,-0.48696405182471,-1.76012662088008,-1.17148341178422,-0.921572916172184,1.17031636935527,-1.3937340945597
"30",0.654161116979583,0.341101155897259,0.431124182568784,-0.608648614214727,0.0337022022352491,0.327276036064938,0.563481373678871,0.514062971420375,-0.6258481329808,0.324142474718805,0.35687050730651,0.361748659433305,0.687494856648125,-0.487215265671168,0.496533391353978,0.253764484184475,0.0339138737377092,0.418113328687024,-0.314571606642347,0.185125804013368,0.499670075790467,0.354229459929377,0.545630919004471,-0.767917799944813,0.236690056106897,0.494818492152086,0.377916020805447,0.349684372395807,-0.586051152973257,0.208212983996183,0.319553809724259,0.509122672279861,0.465136554434327,-0.380121270618918,0.253883432264921,0.396359952046147,0.376702239159432,0.748861438983611,-0.572552846539848,0.303871348693255,0.654521288291586,0.187438418526335,0.656985049120091,-0.577849623238657,0.318088864176044,0.349230101372681,0.3555040369559,0.448845146230281,-0.295424248437666,0.152330280411717,0.374488823726108,0.536122967480472,0.638808520810226,-0.577202501000688,0.173009195212557,0.625339979428866,0.416206086503086,0.327417574170408,-0.4157914582145,0.495167586060077
"31",1.00397042053888,0.523503250259915,0.661665628915042,-0.934120340253479,0.0517242820964936,0.502285218475722,0.864800149403953,0.788955509895412,-0.96051721350142,0.497476001264851,0.547705181489138,0.555191900456483,1.05512920660015,-0.747751131139318,0.762052076758955,0.389463741105343,0.0520491438496993,0.641697287623903,-0.482787160552321,0.284120878608718,0.766866087116738,0.543651847567174,0.837404255607919,-1.17855790651334,0.363258850150258,0.759420144000776,0.58000467543574,0.536676297776729,-0.899439002465533,0.319553809724259,0.490433571189584,0.781373411117374,0.713865942261454,-0.583389171281116,0.389646296061987,0.608311404349273,0.578141830277319,1.14931125422606,-0.878722545869817,0.466364994522908,1.00452319161345,0.287670151876208,1.00830443591382,-0.886851746752862,0.488185253519928,0.535979107652937,0.545607998124142,0.688862787042895,-0.453400850712138,0.233788116896789,0.574744802288737,0.822811975751717,0.980408102277466,-0.885858579215797,0.265524975370961,0.959737327442784,0.638770157460131,0.502502443357456,-0.638133808819935,0.759955914086335
"32",1.59955565491694,0.8340610113505,1.05418543887692,-1.48826842111881,0.082408670844662,0.800255809491669,1.37782542299366,1.25698747842961,-1.53032470785006,0.79259362101679,0.872620250911399,0.884548315141182,1.68106336059124,-1.19133943173589,1.21412412535692,0.620505262630927,0.0829262502910042,1.02237128123032,-0.769190921350308,0.45266986831605,1.22179395041659,0.866162358264856,1.3341774668921,-1.87771365116376,0.578754847821703,1.20993085149089,0.924080769205864,0.855048704032422,-1.43301307808887,0.509122672279861,0.781373411117374,1.24490745223717,1.13735253692437,-0.92947304905571,0.620796114639371,0.969179895016303,0.921112828670536,1.83111701136596,-1.40000700079853,0.743026636027807,1.60043634629999,0.45832467647545,1.60646073763617,-1.41295868640243,0.777791324266033,0.853937919907463,0.869278955747468,1.09751676337723,-0.72237177496871,0.372478209302143,0.915700582235895,1.31092861086545,1.5620154658367,-1.41137634222406,0.423042319960316,1.52908217009221,1.01770769004242,0.800601898660092,-1.01669384038599,1.21078445639056
"33",1.4613605845175,0.762001549195058,0.963108125942023,-1.35968811283285,0.07528889852921,0.731116978598032,1.25878693830984,1.1483888982309,-1.39811090829563,0.724116771888179,0.797229428068826,0.808126956305131,1.53582635758437,-1.08841257443506,1.10922876365969,0.566896144255513,0.0757617612269947,0.934042581475682,-0.702735969814323,0.413561041982095,1.11623594718463,0.791329470950302,1.21890998720439,-1.71548686685969,0.528752794630943,1.10539777151568,0.844243967927571,0.781175991016477,-1.30920660558442,0.465136554434327,0.713865942261454,1.13735253692437,1.03908992666377,-0.84917037683934,0.567161867839285,0.885446713610711,0.841532445323035,1.6729159862766,-1.27905211845959,0.678832171797142,1.46216518776488,0.418727297830557,1.46766909631432,-1.29088483136734,0.710593333072284,0.780161174099583,0.794176807149511,1.00269580112233,-0.659961806306786,0.340297614523501,0.836587794857784,1.19766973730872,1.42706371432823,-1.28943919525815,0.386493192701662,1.39697572072118,0.929781905503981,0.731433167076944,-0.928855648313759,1.10617762844112
"34",-1.19426056052455,-0.62272679782364,-0.787076141589678,1.11117126393994,-0.0615279781810029,-0.597487151302763,-1.02871229076104,-0.938492240608934,1.14257133708578,-0.591766406622999,-0.651515904917129,-0.660421638599633,-1.25511585991125,0.88947808295785,-0.906489595431067,-0.463281762332005,-0.0619144134499505,-0.763323048893679,0.574293478353472,-0.337972466919741,-0.912216041739288,-0.646694311827723,-0.996123845114049,1.40193893888605,-0.432110059341286,-0.903358812465013,-0.689937367299082,-0.638396633099069,1.06991650876086,-0.380121270618918,-0.583389171281116,-0.92947304905571,-0.84917037683934,0.693963352350735,-0.463498918316272,-0.723609285562119,-0.687721442947573,-1.36714894643257,1.04527350478391,-0.554758694453378,-1.19491810249975,-0.342194460909975,-1.19941603475478,1.0549434948599,-0.58071471288526,-0.637567299235244,-0.649021226458716,-0.819428183687702,0.539337357990237,-0.278099754551808,-0.683680550440418,-0.978765779613428,-1.16623229710317,1.05376208473541,-0.315851940886451,-1.14164363329842,-0.759841117515423,-0.597745548466377,0.759084156883733,-0.903996131124609
"35",0.797647996995596,0.415919941910614,0.525689056956113,-0.742152560586499,0.0410946071380851,0.399062353074714,0.687078117902422,0.626820043013752,-0.763124705425054,0.395241461147133,0.43514821953064,0.441096369263145,0.838293321196079,-0.594083430948424,0.60544543962446,0.309426419981921,0.0413527076970697,0.509824339123438,-0.38357127233196,0.225732197971759,0.609270139676221,0.431927871980685,0.665312257708472,-0.93635662390243,0.288606803831683,0.603354386093558,0.460809958286499,0.426385842848687,-0.714598462324486,0.253883432264921,0.389646296061987,0.620796114639371,0.567161867839285,-0.463498918316272,0.309571458712674,0.483299471082362,0.459329939872679,0.913120348073455,-0.698139371727424,0.370523967778247,0.798087170034374,0.228552072596237,0.801091344142134,-0.704597969180978,0.387860022234468,0.425831929810622,0.433482020929367,0.547297022948787,-0.360224039481681,0.185743144767157,0.456631023136292,0.653718785868284,0.778927887736102,-0.703808904004939,0.210957873284027,0.762505091002329,0.507498753165611,0.399234936836415,-0.506993178292229,0.603780051956669
"36",1.24527905983632,0.649329524026231,0.820699828844633,-1.1586402101971,0.0641564373433012,0.623011646396316,1.07265861121489,0.978584384077677,-1.19138168626885,0.617046512997578,0.679348494257619,0.68863467855766,1.30873408172287,-0.927476354409843,0.945214594254034,0.483073038251148,0.064559381026036,0.795932010230841,-0.59882714579474,0.352410562458431,0.951185672853307,0.674320923970402,1.03867799567904,-1.46182940429445,0.450569688247921,0.94195006505715,0.719411311480287,0.66566877057307,-1.11562306264881,0.396359952046147,0.608311404349273,0.969179895016303,0.885446713610711,-0.723609285562119,0.483299471082362,0.754521685299433,0.717100723419082,1.42555319244737,-1.08992731597651,0.578457841027169,1.24596469183301,0.356812918929521,1.25065477457952,-1.10001040550361,0.605522693789075,0.66480400778313,0.676747243786849,0.854433941733631,-0.562377709096994,0.289980103451527,0.71288720503914,1.0205783981526,1.21605343632006,-1.09877852584709,0.329345053328898,1.19041435121792,0.792301331653274,0.62328108221929,-0.791512033861048,0.942614609803473
