"","V1","V2","V3","V4","V5","V6","V7","V8","V9","V10","V11","V12","V13","V14","V15","V16","V17","V18","V19","V20","V21","V22","V23","V24","V25","V26","V27","V28","V29","V30","V31","V32","V33","V34","V35","V36","V37","V38","V39","V40","V41","V42","V43","V44","V45","V46","V47","V48","V49","V50","V51","V52","V53","V54","V55","V56","V57","V58","V59","V60"
"1",1.32206551745908,0.854062573127238,0.884798856808411,-1.07599781396166,0.156834325620975,0.668167218127537,1.45944945717504,0.995709278809894,-1.15353626436531,0.825242066858986,0.775588332581749,0.717720425278217,1.62595227331082,-0.82201186070523,1.13759062585993,0.47111055688007,0.197270122809647,0.929538339798108,-0.534632655844319,0.47714790890141,1.00837097498283,0.737427670316848,1.06767338001727,-1.37783397401116,0.531186279526818,0.945840687711902,0.849860585510555,0.711674862740811,-0.996238882116217,0.513454012305024,0.572005546065619,1.22810975454295,0.994913749834441,-0.628889830186868,0.630496041093007,0.792711029011517,0.76995398438411,1.79622837708448,-0.973112121493834,0.736444756988815,1.33757160352301,0.368629442076918,1.59165705080055,-1.0467301622168,0.706697977027746,0.707771966293285,0.745189041403686,0.99610160872991,-0.472814958989889,0.350176047446538,0.710753056537393,1.36785996009354,1.50425708926079,-0.970537032433316,0.405842489468568,1.36772631620105,0.872663221644225,0.669844951818274,-0.669418701430004,1.09322109929214
"2",0.854062573127238,0.551729751047904,0.57158558208082,-0.695101301361805,0.101315952897675,0.431640191849217,0.942813455372222,0.643234406704328,-0.745191624113217,0.533111524176969,0.501034902026127,0.463651872849078,1.0503753134677,-0.531024790847209,0.734890642148091,0.304340359175014,0.127437730175235,0.600487567238106,-0.345376031443449,0.30824052625004,0.651413941432985,0.476382876104719,0.689723665094552,-0.890089344019605,0.343149650839146,0.611018985706708,0.549015240829794,0.459746401729446,-0.643576533744601,0.331694495575788,0.369519151709494,0.79336656405916,0.642720490022591,-0.406266754173604,0.407304376440706,0.512096270754502,0.4973950779357,1.16037473892016,-0.628636502086253,0.475747907962055,0.864079601472656,0.238136919595148,1.02822038574567,-0.676194215723077,0.456531302506201,0.45722510627275,0.48139677025284,0.643487854280548,-0.305441413572343,0.226215911526467,0.459150909170553,0.88364606879732,0.971759465270771,-0.626972978486239,0.262176780395921,0.883559734008915,0.563745886046104,0.432724018281425,-0.432448657871071,0.706227651147653
"3",0.884798856808411,0.57158558208082,0.592155991265917,-0.720116834717375,0.10496214460268,0.447174200483145,0.976743734879308,0.666383337262851,-0.772009824414058,0.552297316361736,0.519066310224306,0.480337928346177,1.08817656436227,-0.550135484989269,0.761338127335266,0.31529305972596,0.132024000958661,0.622098110533624,-0.35780553721169,0.319333587291416,0.67485723976702,0.493527099117787,0.714545666314369,-0.922122170934385,0.355499032892814,0.633008537140273,0.56877338117968,0.47629190585242,-0.666737776883133,0.343631625749015,0.382817527999398,0.821918499881369,0.665850925579207,-0.42088761521987,0.421962579777055,0.530525759114292,0.515295494952069,1.20213468517483,-0.65126007847096,0.492869279533583,0.895176381251603,0.246707069073583,1.0652243178432,-0.700529314686531,0.472961100585031,0.473679873188827,0.498721434931112,0.666645905993475,-0.316433739229657,0.234357043861084,0.475674982512228,0.915447013012518,1.00673146326509,-0.649536687438641,0.271612084260553,0.915357571179463,0.584034157681941,0.448297032016068,-0.448011761845056,0.73164360322442
"4",-1.07599781396166,-0.695101301361805,-0.720116834717375,0.875729137747591,-0.127643743289404,-0.543805474518265,-1.1878113488097,-0.810384200474348,0.938835846175059,-0.671644973870934,-0.631232975500367,-0.584135656241328,-1.32332404754863,0.669015985583904,-0.925858068638749,-0.383425724854746,-0.160553480973531,-0.756529240350047,0.435124856797278,-0.3883393826813,-0.820689255120439,-0.600174916248297,-0.868954078109211,1.12138643997573,-0.432319932733569,-0.769797335225858,-0.69168140315696,-0.5792153160702,0.810815232062681,-0.417888060397995,-0.465541767039998,-0.999529443694226,-0.809736738281873,0.511838538686288,-0.513145795702634,-0.645168732604878,-0.626647312941517,-1.46190773573263,0.791992909307055,-0.599374946369111,-1.08861785017586,-0.300018772593806,-1.295411978167,0.85190888914313,-0.575164746656751,-0.576038841084506,-0.606491712362027,-0.810703508504634,0.384812897366288,-0.284999991738965,-0.578465079832528,-1.11326882626442,-1.22427921937767,0.789897105306963,-0.330305590543058,-1.11316005666543,-0.710239928667518,-0.545170942235109,0.544824027139055,-0.889746761776131
"5",0.156834325620975,0.101315952897675,0.10496214460268,-0.127643743289404,0.0186049824068173,0.0792635112808004,0.17313194268455,0.118119254450285,-0.13684199437315,0.0978970265245531,0.0920066906621517,0.0851419217855763,0.192883881251737,-0.0975138328045363,0.134950391098909,0.0558870233777915,0.0234018104756866,0.110269511409134,-0.0634225391457498,0.0566032239142242,0.11962128937539,0.0874797578796764,0.126656230214898,-0.163450040317987,0.0630137015363777,0.112203430498116,0.100817478438258,0.0844247472499483,-0.118182080366472,0.0609101536147846,0.0678560199051826,0.145688517398492,0.118024882235951,-0.074604103279851,0.0747946452771595,0.0940379262642545,0.091338297766171,0.213083438347845,-0.115438593104979,0.0873631565865406,0.158673785556009,0.0437298675358267,0.188815498843006,-0.124171772828563,0.0838343479813845,0.083961753454079,0.0884004757898128,0.118165795864167,-0.0560892136262704,0.0415407735279626,0.0843153949883871,0.162266840449414,0.178447393899364,-0.115133114782697,0.0481443864192688,0.162250986507627,0.103522515377182,0.0794625379012542,-0.0794119725614075,0.129686911577293
"6",0.668167218127537,0.431640191849217,0.447174200483145,-0.543805474518265,0.0792635112808004,0.337689339510444,0.737600573436459,0.503227933941461,-0.582993132028384,0.417074410317228,0.391979589324219,0.362733354450643,0.821750505492524,-0.41544187559695,0.574934262947612,0.238097602625668,0.0996996196003417,0.469785376324977,-0.27020144588764,0.241148858899796,0.509627110228056,0.372693326116592,0.539598335161208,-0.696352398046064,0.268459659534184,0.478024525074157,0.429516522228182,0.35967794861085,-0.503495593571959,0.259497834644105,0.289089571901656,0.620682309168273,0.502825876422035,-0.317838687111559,0.318650460400181,0.400633339300475,0.389132009751601,0.907807443722564,-0.491807410872014,0.372196565210737,0.676003938965163,0.186304011094566,0.804417821811463,-0.529013707250124,0.357162648243415,0.357705438604692,0.376615895504768,0.50342621608995,-0.238959001399972,0.17697773097277,0.359212071028796,0.691311566827877,0.760246191589456,-0.490505970004466,0.205111353110047,0.691244023679153,0.441040893562434,0.338537260160439,-0.338321834727739,0.552510061767771
"7",1.45944945717504,0.942813455372222,0.976743734879308,-1.1878113488097,0.17313194268455,0.737600573436459,1.61110980501345,1.09917953934399,-1.27340729534743,0.910998033463669,0.856184474997291,0.792303158385756,1.79491495038516,-0.907432156768902,1.25580464770731,0.520066545438303,0.217769671660998,1.02613237205449,-0.59018961545844,0.526731275751559,1.11315699005462,0.814058304174086,1.17862187185792,-1.52101315622593,0.586385105031859,1.04412879696631,0.938174813440156,0.785629364351334,-1.09976417697936,0.566810169123184,0.631446152011461,1.35573017444995,1.09830134207157,-0.694241631120624,0.696014753257248,0.875086495872797,0.849964627107767,1.98288548886495,-1.07423417276185,0.812973250291276,1.47656687578255,0.406935989202628,1.75705590087866,-1.15550231579451,0.780135299907148,0.781320893986945,0.822626206951998,1.09961263867321,-0.521948062429052,0.38656498911172,0.784611767609393,1.51000268132459,1.66057367307541,-1.07139149039708,0.448016072676821,1.50985514967522,0.963347011404601,0.739452650729071,-0.738982106047611,1.20682441139578
"8",0.995709278809894,0.643234406704328,0.666383337262851,-0.810384200474348,0.118119254450285,0.503227933941461,1.09917953934399,0.749915155349934,-0.868782028351924,0.621528337578155,0.584131791571549,0.540548768274656,1.22458058549865,-0.619095518480093,0.856772623366557,0.354815360234444,0.148573341577689,0.700078731139862,-0.402656819309592,0.359362371973049,0.759451270011707,0.555391214799136,0.804114680537697,-1.03771110770604,0.400061192366533,0.712356790638266,0.640069693606435,0.53599557281299,-0.750314024331259,0.386706193863123,0.430804088168712,0.924946806226037,0.749316005329031,-0.473646298913944,0.474856011353946,0.597027693845843,0.579888300831985,1.35282347077781,-0.732896180936645,0.55465093687186,1.00738763632545,0.277632047028911,1.19875125191316,-0.78834136520901,0.53224724777264,0.533056119241502,0.561236665803943,0.75021063733366,-0.356099025055256,0.263733933798998,0.535301317514832,1.03019921205972,1.13292625948766,-0.730956761114057,0.305658930788705,1.0300985586034,0.657243423712685,0.504491513530504,-0.504170484458123,0.823355860947055
"9",-1.15353626436531,-0.745191624113217,-0.772009824414058,0.938835846175059,-0.13684199437315,-0.582993132028384,-1.27340729534743,-0.868782028351924,1.00649014412181,-0.720044989019298,-0.676720825130633,-0.626229583406207,-1.41868529707666,0.717226550832593,-0.992577163235833,-0.411056112355879,-0.172123270391377,-0.811046177299774,0.466480782144327,-0.416323857717501,-0.879829684849259,-0.643424663016547,-0.931572562844274,1.2021956811574,-0.463473729914021,-0.82527039634529,-0.741525281534693,-0.620954674157542,0.869244120896887,-0.448001869389991,-0.49908959283116,-1.07155743779537,-0.868087908801554,0.548722597958193,-0.550124058403219,-0.6916608194158,-0.671804710999973,-1.56725558959533,0.849065425739263,-0.642567045785297,-1.16706572440862,-0.321638696367887,-1.38876183085078,0.913299065119459,-0.616612213002775,-0.617549296338645,-0.650196659480891,-0.869124346326606,0.412543247158787,-0.305537633579638,-0.620150374468671,-1.19349309675193,-1.31250311007724,0.846818594114014,-0.354108040062982,-1.19337648900861,-0.761421169715689,-0.584456997947777,0.584085083489624,-0.953863606870618
"10",0.825242066858986,0.533111524176969,0.552297316361736,-0.671644973870934,0.0978970265245531,0.417074410317228,0.910998033463669,0.621528337578155,-0.720044989019298,0.515121572963019,0.48412738261384,0.448005850967092,1.01493019591037,-0.513105256851977,0.710091615677517,0.294070335051174,0.123137319389315,0.580223998455055,-0.333721250643639,0.29783889023596,0.629431852329662,0.460307244062219,0.666448806976799,-0.860053107418474,0.331569999682269,0.590400032176054,0.530488615629765,0.444232170723709,-0.621858919475462,0.32050140084283,0.357049656659398,0.766594256324417,0.621031763113971,-0.3925572041902,0.393559811693754,0.494815483320874,0.480610385089421,1.12121766953341,-0.607423042067171,0.459693703042007,0.834921068650727,0.230100943309752,0.993522890497727,-0.653375911484028,0.441125565643906,0.441795956868526,0.465151943385194,0.621773232517028,-0.295134234155486,0.218582211957764,0.443656773176079,0.853827261761392,0.938967254674865,-0.605815654391912,0.253329574370812,0.853743840357074,0.544722172381892,0.418121662817424,-0.417855594497231,0.682395862837124
"11",0.775588332581749,0.501034902026127,0.519066310224306,-0.631232975500367,0.0920066906621517,0.391979589324219,0.856184474997291,0.584131791571549,-0.676720825130633,0.48412738261384,0.454998072102395,0.421049925703568,0.953863175357854,-0.482232385602268,0.667366333226096,0.276376508158629,0.115728308164475,0.545312680433883,-0.313641680093877,0.279918314313925,0.591559762192325,0.432611160088281,0.626349455162416,-0.808304838425582,0.311619867085187,0.554876435534257,0.498569810450775,0.417503302857738,-0.584442482789085,0.301217251340486,0.33556644647475,0.720469283991308,0.583665095342472,-0.368937551377705,0.369879833300965,0.46504308378895,0.451692687712527,1.05375547090622,-0.570875193216625,0.432034535027651,0.784684961513046,0.21625607093245,0.933743919473027,-0.614063138668826,0.414583618136617,0.415213672799316,0.437164360198483,0.584361951502709,-0.277376393847308,0.205430406558905,0.416962526226904,0.802453593747198,0.882470824801739,-0.569364519952463,0.238087065686966,0.802375191699514,0.511946952735956,0.392963830013149,-0.392713770675292,0.641336997558762
"12",0.717720425278217,0.463651872849078,0.480337928346177,-0.584135656241328,0.0851419217855763,0.362733354450643,0.792303158385756,0.540548768274656,-0.626229583406207,0.448005850967092,0.421049925703568,0.389634705738013,0.882693891998316,-0.446252242765537,0.61757304536155,0.255755607246209,0.107093630813201,0.504626014174031,-0.290240364076422,0.259033153482071,0.547422525922803,0.400333337616237,0.579616503300821,-0.747995899394349,0.28836940182561,0.513476201947031,0.461370705766636,0.386352702192734,-0.540836278314986,0.278742942165704,0.310529287968076,0.66671389857664,0.540116893010501,-0.341410520442557,0.342282497178518,0.430345462725895,0.417991161420579,0.975133060860409,-0.528281266290238,0.399799735489496,0.726138339925586,0.200120853651798,0.864075766527203,-0.568246888869505,0.383650859898709,0.384233905157985,0.404546816058587,0.540761755598903,-0.256680889836935,0.190102909709505,0.38585227378612,0.742581225600846,0.816628240865864,-0.526883306816038,0.220323002370694,0.742508673257493,0.473749757702561,0.363644159340505,-0.363412757336668,0.593485800775648
"13",1.62595227331082,1.0503753134677,1.08817656436227,-1.32332404754863,0.192883881251737,0.821750505492524,1.79491495038516,1.22458058549865,-1.41868529707666,1.01493019591037,0.953863175357854,0.882693891998316,1.99968969780384,-1.0109575024473,1.39907443298949,0.579398880633451,0.242614152175388,1.14319975581019,-0.657522014360515,0.586823963667719,1.24015266827707,0.906930996323403,1.31308617951777,-1.69453953128889,0.653283462387013,1.16324932166052,1.04520746722442,0.875258711198783,-1.22523192212948,0.631475299463557,0.703485345990484,1.51040006785148,1.22360219817288,-0.773444912941723,0.775420323569839,0.974921653033529,0.946933729623437,2.20910505155529,-1.1967893007074,0.905722152934723,1.64502255050423,0.453361706692282,1.95751145907974,-1.28732900474585,0.869137850672355,0.870458704491438,0.916476377241368,1.22506309541735,-0.581495052455875,0.430666659772645,0.874125020869366,1.68227291485483,1.85002195551417,-1.19362230795504,0.499128454409571,1.68210855190311,1.07325146169323,0.823813878958089,-0.823289651695027,1.34450623524445
"14",-0.82201186070523,-0.531024790847209,-0.550135484989269,0.669015985583904,-0.0975138328045363,-0.41544187559695,-0.907432156768902,-0.619095518480093,0.717226550832593,-0.513105256851977,-0.482232385602268,-0.446252242765537,-1.0109575024473,0.511096833112121,-0.707312137511284,-0.292919269389271,-0.122655328779745,-0.577952854986206,0.332414981270373,-0.296673073495994,-0.62696809687606,-0.458505485097062,-0.663840157801105,0.856686642048241,-0.330272150849318,-0.588089057137698,-0.528412149027394,-0.442493333660992,0.619424806396249,-0.319246877304991,-0.355652074005223,-0.76359361253315,-0.618600887733946,0.391020636015115,-0.39201931905934,-0.49287865038011,-0.47872915449561,-1.11682894001843,0.605045434662974,-0.457894345631567,-0.831652976436135,-0.229200270025012,-0.989633990641957,0.650818432927433,-0.439398888619132,-0.440066655762957,-0.463331221041659,-0.619339454838241,0.293979004123428,-0.217726625900626,-0.441920188364881,-0.85048516592558,-0.935291899374849,0.603444338709585,-0.252337978349568,-0.850402071053736,-0.54258999203872,-0.416485028886011,0.416220002024512,-0.679724792851775
"15",1.13759062585993,0.734890642148091,0.761338127335266,-0.925858068638749,0.134950391098909,0.574934262947612,1.25580464770731,0.856772623366557,-0.992577163235833,0.710091615677517,0.667366333226096,0.61757304536155,1.39907443298949,-0.707312137511284,0.97885650518408,0.40537397441576,0.169743964657513,0.799834870335352,-0.46003249425641,0.410568902332565,0.86766756517058,0.634530432814298,0.918695187604738,-1.18557741059526,0.457067009308653,0.81386246421881,0.731274980397904,0.612371052586018,-0.857228328283402,0.441809020426585,0.4921905446825,1.05674501440768,0.856088098815297,-0.541137459582341,0.54251954726699,0.682099807997744,0.662518175848249,1.54559099885013,-0.837328568594418,0.633684670654074,1.1509330645796,0.317192599144888,1.36956460679385,-0.900674289297861,0.608088618426445,0.609012748210194,0.641208818170854,0.857110209388854,-0.406840552158861,0.301314105628802,0.611577870945608,1.17699512432803,1.29436003059461,-0.835112795520153,0.34921311046855,1.17688012848455,0.750895842426295,0.576377893459162,-0.576011120073455,0.94067809660236
"16",0.47111055688007,0.304340359175014,0.31529305972596,-0.383425724854746,0.0558870233777915,0.238097602625668,0.520066545438303,0.354815360234444,-0.411056112355879,0.294070335051174,0.276376508158629,0.255755607246209,0.579398880633451,-0.292919269389271,0.40537397441576,0.167877577830191,0.0702960906137761,0.331235721014269,-0.190513317906639,0.170028954017902,0.359327283929833,0.262778172362774,0.3804593599814,-0.490983330411811,0.189285221231615,0.337044970331111,0.302843004694501,0.253601305287616,-0.355004081372143,0.182966428270687,0.203830935597942,0.43762995307869,0.354531877991174,-0.22410132796215,0.224673692118438,0.28247808402139,0.274368740100244,0.640075805500497,-0.346762991250844,0.262427916767102,0.476636062797995,0.131359013184928,0.567177972394202,-0.372996362973655,0.251827820260703,0.252210530250707,0.265543892976908,0.354955164778666,-0.168484931865601,0.124783250557555,0.253272824869594,0.487429147060833,0.536033491270888,-0.345845372853498,0.144619671789487,0.487381523816912,0.310968594890601,0.23869545352103,-0.238543561610125,0.389563145002383
"17",0.197270122809647,0.127437730175235,0.132024000958661,-0.160553480973531,0.0234018104756866,0.0996996196003417,0.217769671660998,0.148573341577689,-0.172123270391377,0.123137319389315,0.115728308164475,0.107093630813201,0.242614152175388,-0.122655328779745,0.169743964657513,0.0702960906137761,0.0294353803494747,0.138699739178337,-0.0797744501188994,0.0711969454949956,0.150462638534632,0.110034219307243,0.159311362421277,-0.205591533607862,0.079260203986296,0.141132270798419,0.126810736579047,0.106191550811523,-0.148652365580584,0.076614308993694,0.0853509926928838,0.1832506474929,0.148454637854906,-0.0938389001122564,0.0940785685844524,0.118283246919723,0.114887586924701,0.268021658429342,-0.145201538940059,0.109887555295232,0.199583841352134,0.0550045170601887,0.237496839404543,-0.156186350012309,0.105448931899782,0.105609185678064,0.111192321237331,0.148631882527802,-0.0705504105465487,0.0522510200686127,0.10605400481206,0.20410327532985,0.22445557865096,-0.144817300694295,0.0605572089140545,0.204083333846817,0.130213199445728,0.099949960242952,-0.0998863578984908,0.163123428958303
"18",0.929538339798108,0.600487567238106,0.622098110533624,-0.756529240350047,0.110269511409134,0.469785376324977,1.02613237205449,0.700078731139862,-0.811046177299774,0.580223998455055,0.545312680433883,0.504626014174031,1.14319975581019,-0.577952854986206,0.799834870335352,0.331235721014269,0.138699739178337,0.653554240500311,-0.375897824088557,0.335480556160926,0.708981112969048,0.518482089832377,0.750676368154047,-0.968748891644394,0.373474692346458,0.66501634825101,0.597533168578219,0.500375406250329,-0.700451092850844,0.361007214739235,0.402174535697019,0.863478464003613,0.6995193982828,-0.442169620906028,0.443298940595062,0.557351571549343,0.541351195469398,1.26292012119213,-0.684190771111908,0.517791007876877,0.940440599411026,0.259181708518834,1.11908693857518,-0.735951285586509,0.496876180211986,0.497631297250942,0.523939075056894,0.700354576548193,-0.332434078498514,0.246207209462743,0.499727288440262,0.961736207162675,1.05763641734517,-0.682380237535064,0.285346035350188,0.961642242740857,0.613565599841875,0.470964983363294,-0.470665288625765,0.768638855070758
"19",-0.534632655844319,-0.345376031443449,-0.35780553721169,0.435124856797278,-0.0634225391457498,-0.27020144588764,-0.59018961545844,-0.402656819309592,0.466480782144327,-0.333721250643639,-0.313641680093877,-0.290240364076422,-0.657522014360515,0.332414981270373,-0.46003249425641,-0.190513317906639,-0.0797744501188994,-0.375897824088557,0.216201143529179,-0.19295477447805,-0.40777710734603,-0.29820981537459,-0.43175852270164,0.557184970873363,-0.21480745668134,-0.382490362390592,-0.343676781467056,-0.287795587238389,0.402870986624649,-0.207636670518526,-0.231314439573685,-0.496637701436707,-0.402335113793995,0.254317986292002,-0.254967525056349,-0.32056596073396,-0.311363195025569,-0.726380300417546,0.393518710743206,-0.297812333134798,-0.540903192262241,-0.149070779804294,-0.643653302370598,0.423289253965162,-0.285782974707866,-0.286217287323845,-0.301348451381922,-0.402815474371944,0.191202564403553,-0.141608375520772,-0.287422816228027,-0.553151559911666,-0.608309461281319,0.392477365450345,-0.164119436694835,-0.553097515397049,-0.352897984013679,-0.270879907890493,0.270707535663757,-0.442089814779314
"20",0.47714790890141,0.30824052625004,0.319333587291416,-0.3883393826813,0.0566032239142242,0.241148858899796,0.526731275751559,0.359362371973049,-0.416323857717501,0.29783889023596,0.279918314313925,0.259033153482071,0.586823963667719,-0.296673073495994,0.410568902332565,0.170028954017902,0.0711969454949956,0.335480556160926,-0.19295477447805,0.172207900412193,0.363932116643248,0.266145713817555,0.385335003399865,-0.497275354988668,0.191710939561046,0.341364251873828,0.306723982948628,0.256851243822707,-0.359553511600262,0.185311170326295,0.206443059425507,0.443238246170902,0.359075256862568,-0.226973219889849,0.22755291897813,0.286098082781012,0.277884816408546,0.64827847237288,-0.351206810680446,0.265790969644207,0.482744225001437,0.133042398522386,0.574446442667446,-0.377776366972854,0.255055031320777,0.255442645796359,0.268946877553683,0.359503968133347,-0.170644091385822,0.126382366516603,0.256518553879157,0.493675624248176,0.542902840375401,-0.350277432866537,0.14647299444391,0.493627390705285,0.314953703794485,0.241754371343512,-0.241600532915124,0.394555454783118
"21",1.00837097498283,0.651413941432985,0.67485723976702,-0.820689255120439,0.11962128937539,0.509627110228056,1.11315699005462,0.759451270011707,-0.879829684849259,0.629431852329662,0.591559762192325,0.547422525922803,1.24015266827707,-0.62696809687606,0.86766756517058,0.359327283929833,0.150462638534632,0.708981112969048,-0.40777710734603,0.363932116643248,0.769108648368706,0.56245371282799,0.814340010350168,-1.05090690997551,0.405148473740855,0.721415303440891,0.648208985026555,0.542811430852508,-0.759855211113944,0.39162364962967,0.436282304140519,0.936708668534443,0.758844501044504,-0.479669307494775,0.480894402950381,0.604619652088254,0.587262310129309,1.37002632318377,-0.742215877927336,0.561704021335531,1.02019783750663,0.28116248779326,1.21399488221938,-0.798366117472811,0.539015441143535,0.539834598430758,0.568373496096432,0.7597505094206,-0.360627272163808,0.267087642568538,0.542108347224797,1.0432994911254,1.14733284220136,-0.740251795941737,0.30954576864043,1.04319755773376,0.665601100717221,0.510906757821272,-0.510581646460352,0.833825866575587
"22",0.737427670316848,0.476382876104719,0.493527099117787,-0.600174916248297,0.0874797578796764,0.372693326116592,0.814058304174086,0.555391214799136,-0.643424663016547,0.460307244062219,0.432611160088281,0.400333337616237,0.906930996323403,-0.458505485097062,0.634530432814298,0.262778172362774,0.110034219307243,0.518482089832377,-0.29820981537459,0.266145713817555,0.56245371282799,0.411325733685331,0.59553167591773,-0.768534451674704,0.296287480040004,0.527575287018148,0.474039072489883,0.396961216462755,-0.555686619321239,0.286396696009924,0.31905583473214,0.685020600890174,0.554947481057283,-0.350785007426845,0.351680926994302,0.442161934971219,0.42946840792489,1.00190836987882,-0.542786870418843,0.410777479853699,0.746076724974766,0.205615793688829,0.887801652350076,-0.583849873384054,0.394185186690892,0.394784241269938,0.41565490627432,0.555610050352361,-0.26372886146292,0.195322775958609,0.396447047238845,0.762971101182735,0.839051307399008,-0.541350525622251,0.226372655191545,0.762896556689293,0.486758029772313,0.373629139985598,-0.373391384120519,0.609781798062196
"23",1.06767338001727,0.689723665094552,0.714545666314369,-0.868954078109211,0.126656230214898,0.539598335161208,1.17862187185792,0.804114680537697,-0.931572562844274,0.666448806976799,0.626349455162416,0.579616503300821,1.31308617951777,-0.663840157801105,0.918695187604738,0.3804593599814,0.159311362421277,0.750676368154047,-0.43175852270164,0.385335003399865,0.814340010350168,0.59553167591773,0.862231433574001,-1.11271085790243,0.42897529887262,0.763841814699231,0.686330224858611,0.574734229235598,-0.804542377459418,0.414655078406959,0.461940113172496,0.991796605651675,0.803472227422548,-0.507878710840728,0.509175854291285,0.640177398581828,0.62179926948332,1.45059771797889,-0.785865673198947,0.594737894988308,1.08019578159274,0.297697683812651,1.28539005126055,-0.845318114345736,0.570714996965293,0.571582328980308,0.601799602274193,0.804431518248275,-0.381835800662643,0.282795095432859,0.573989797184442,1.104656045935,1.21480760952962,-0.783786083341424,0.327750188446269,1.10454811782967,0.704745172735726,0.540953238966431,-0.540609007771556,0.882863255090956
"24",-1.37783397401116,-0.890089344019605,-0.922122170934385,1.12138643997573,-0.163450040317987,-0.696352398046064,-1.52101315622593,-1.03771110770604,1.2021956811574,-0.860053107418474,-0.808304838425582,-0.747995899394349,-1.69453953128889,0.856686642048241,-1.18557741059526,-0.490983330411811,-0.205591533607862,-0.968748891644394,0.557184970873363,-0.497275354988668,-1.05090690997551,-0.768534451674704,-1.11271085790243,1.43595490153016,-0.553593216671494,-0.985738918625012,-0.885710104700386,-0.741695317958676,1.03826305117522,-0.535112952348899,-0.596134355131462,-1.27991489171878,-1.03688202107212,0.655418178977193,-0.657092144394701,-0.82614981853894,-0.802432817511644,-1.87199836191667,1.01416073848834,-0.76751007628711,-1.39399415056873,-0.384179272817374,-1.65879763945607,1.09088419603921,-0.736508493153343,-0.737627786318652,-0.776623219309236,-1.03811998720987,0.492759629015226,-0.364947461895901,-0.740734627366757,-1.42556015554256,-1.5677109007533,1.01147702490015,-0.422962071623931,-1.42542087417332,-0.909474620412414,-0.698100903281178,0.697656672447957,-1.13933625211366
"25",0.531186279526818,0.343149650839146,0.355499032892814,-0.432319932733569,0.0630137015363777,0.268459659534184,0.586385105031859,0.400061192366533,-0.463473729914021,0.331569999682269,0.311619867085187,0.28836940182561,0.653283462387013,-0.330272150849318,0.457067009308653,0.189285221231615,0.079260203986296,0.373474692346458,-0.21480745668134,0.191710939561046,0.405148473740855,0.296287480040004,0.42897529887262,-0.553593216671494,0.213422753888803,0.380024733491562,0.341461354654692,0.285940384632829,-0.400273979105311,0.206298192413799,0.229823328625395,0.493436250133837,0.399741560645453,-0.252678588706595,0.253323940381001,0.318499512073944,0.309356069703636,0.721697870645455,-0.390981990342061,0.295892560070517,0.537416394492791,0.148109832133902,0.639504151596282,-0.420560625168602,0.283940745907939,0.284372258835762,0.299405883611688,0.400218824698523,-0.189970024672576,0.140695532381806,0.285570016597984,0.549585806089432,0.60438814577963,-0.389947357822384,0.163061481604207,0.549532109959324,0.350623115014744,0.269133748000641,-0.268962486928552,0.439239992847921
"26",0.945840687711902,0.611018985706708,0.633008537140273,-0.769797335225858,0.112203430498116,0.478024525074157,1.04412879696631,0.712356790638266,-0.82527039634529,0.590400032176054,0.554876435534257,0.513476201947031,1.16324932166052,-0.588089057137698,0.81386246421881,0.337044970331111,0.141132270798419,0.66501634825101,-0.382490362390592,0.341364251873828,0.721415303440891,0.527575287018148,0.763841814699231,-0.985738918625012,0.380024733491562,0.676679479736155,0.608012772470953,0.509151046383656,-0.712735682870801,0.367338599860313,0.409227917921603,0.878622246388439,0.71178764813867,-0.449924441431759,0.451073567256471,0.567126466075663,0.550845473601064,1.28506935627099,-0.696190185781017,0.526872084789612,0.956934152379681,0.263727266463311,1.13871361112576,-0.748858481978044,0.505590450525626,0.506358810892111,0.533127977463075,0.712637473854383,-0.33826434474365,0.250525219184018,0.508491561810567,0.978603244894399,1.07618536374538,-0.69434789886274,0.290350466200357,0.978507632513986,0.624326382316679,0.479224820193338,-0.478919869375807,0.782119329731056
"27",0.849860585510555,0.549015240829794,0.56877338117968,-0.69168140315696,0.100817478438258,0.429516522228182,0.938174813440156,0.640069693606435,-0.741525281534693,0.530488615629765,0.498569810450775,0.461370705766636,1.04520746722442,-0.528412149027394,0.731274980397904,0.302843004694501,0.126810736579047,0.597533168578219,-0.343676781467056,0.306723982948628,0.648208985026555,0.474039072489883,0.686330224858611,-0.885710104700386,0.341461354654692,0.608012772470953,0.546314086001185,0.4574844495638,-0.640410137381767,0.330062558751969,0.367701117588264,0.789463200789815,0.639558305394626,-0.404267921858711,0.405300439024554,0.509576757248154,0.494947894293836,1.15466569553497,-0.625543610674925,0.4734072283903,0.859828330079364,0.236965286018524,1.02316154174048,-0.672867340374193,0.454285168627819,0.454975558880034,0.479028298280222,0.640321894220652,-0.303938641904509,0.225102929306147,0.456891886828128,0.87929853039036,0.966978408978243,-0.62388827161055,0.260886870710999,0.87921262036909,0.560972256447224,0.430595016234652,-0.430321010597439,0.702753011305029
"28",0.711674862740811,0.459746401729446,0.47629190585242,-0.5792153160702,0.0844247472499483,0.35967794861085,0.785629364351334,0.53599557281299,-0.620954674157542,0.444232170723709,0.417503302857738,0.386352702192734,0.875258711198783,-0.442493333660992,0.612371052586018,0.253601305287616,0.106191550811523,0.500375406250329,-0.287795587238389,0.256851243822707,0.542811430852508,0.396961216462755,0.574734229235598,-0.741695317958676,0.285940384632829,0.509151046383656,0.4574844495638,0.383098343893405,-0.536280661074772,0.276395011370688,0.307913611774411,0.661097978468417,0.535567335356575,-0.338534722876306,0.339399354705111,0.426720540937457,0.414470303413129,0.96691923874515,-0.523831403474282,0.396432109017945,0.720021870907547,0.198435178989102,0.856797411474716,-0.563460384288679,0.3804192599827,0.380997394086528,0.401139203582124,0.536206766084647,-0.254518793960864,0.188501619027627,0.382602130737077,0.736326253497004,0.80974954976821,-0.522445219408902,0.218467159284238,0.7362543122826,0.469759229237162,0.360581081533011,-0.360351628693829,0.588486701687364
"29",-0.996238882116217,-0.643576533744601,-0.666737776883133,0.810815232062681,-0.118182080366472,-0.503495593571959,-1.09976417697936,-0.750314024331259,0.869244120896887,-0.621858919475462,-0.584442482789085,-0.540836278314986,-1.22523192212948,0.619424806396249,-0.857228328283402,-0.355004081372143,-0.148652365580584,-0.700451092850844,0.402870986624649,-0.359553511600262,-0.759855211113944,-0.555686619321239,-0.804542377459418,1.03826305117522,-0.400273979105311,-0.712735682870801,-0.640410137381767,-0.536280661074772,0.750713105465203,-0.38691187727213,-0.431033226607338,-0.925438772000761,-0.749714555631161,0.473898224502337,-0.47510858037082,-0.597345244206531,-0.580196734998417,-1.35354301793705,0.733285997772619,-0.554945947650883,-1.00792345118055,-0.277779715483125,-1.19938885029653,0.788760672533358,-0.532530342354764,-0.533339644050614,-0.561535179436551,-0.750609663477561,0.356288428955632,-0.263874210048604,-0.535586036512303,-1.0307471600607,-1.13352884651342,0.731345546400791,-0.305821506335401,-1.03064645306826,-0.657593001945674,-0.504759845240636,0.504438645417554,-0.823793791973227
"30",0.513454012305024,0.331694495575788,0.343631625749015,-0.417888060397995,0.0609101536147846,0.259497834644105,0.566810169123184,0.386706193863123,-0.448001869389991,0.32050140084283,0.301217251340486,0.278742942165704,0.631475299463557,-0.319246877304991,0.441809020426585,0.182966428270687,0.076614308993694,0.361007214739235,-0.207636670518526,0.185311170326295,0.39162364962967,0.286396696009924,0.414655078406959,-0.535112952348899,0.206298192413799,0.367338599860313,0.330062558751969,0.276395011370688,-0.38691187727213,0.199411465824187,0.222151276778315,0.476964169092724,0.386397232212617,-0.244243573667873,0.244867381961392,0.307867237341364,0.299029024924626,0.697605871305628,-0.377930077295982,0.286014959412636,0.519476151147259,0.143165572045119,0.618155974991168,-0.406521306617119,0.274462125364351,0.274879233359591,0.289410999819303,0.386858564051226,-0.183628371336527,0.135998779334402,0.276037007105799,0.531239318707333,0.58421222535451,-0.376929983281952,0.157618099730784,0.531187415082349,0.338918477660184,0.260149420426891,-0.259983876458598,0.424577112371008
"31",0.572005546065619,0.369519151709494,0.382817527999398,-0.465541767039998,0.0678560199051826,0.289089571901656,0.631446152011461,0.430804088168712,-0.49908959283116,0.357049656659398,0.33556644647475,0.310529287968076,0.703485345990484,-0.355652074005223,0.4921905446825,0.203830935597942,0.0853509926928838,0.402174535697019,-0.231314439573685,0.206443059425507,0.436282304140519,0.31905583473214,0.461940113172496,-0.596134355131462,0.229823328625395,0.409227917921603,0.367701117588264,0.307913611774411,-0.431033226607338,0.222151276778315,0.247484213459151,0.531354597407531,0.430459894193448,-0.27209579705439,0.272790741090317,0.342974761109754,0.333128686488612,0.777157092537639,-0.42102719047385,0.318630566946609,0.578714417229116,0.159491403812064,0.688647157398186,-0.452878809798247,0.305760309844656,0.306224982592103,0.32241387353439,0.430973833833487,-0.204568363090504,0.151507348609867,0.307514782628813,0.591818993145186,0.650832645131999,-0.419913051117836,0.175592020016726,0.591761170709992,0.37756691785393,0.289815461022315,-0.289631039310318,0.472993602520468
"32",1.22810975454295,0.79336656405916,0.821918499881369,-0.999529443694226,0.145688517398492,0.620682309168273,1.35573017444995,0.924946806226037,-1.07155743779537,0.766594256324417,0.720469283991308,0.66671389857664,1.51040006785148,-0.76359361253315,1.05674501440768,0.43762995307869,0.1832506474929,0.863478464003613,-0.496637701436707,0.443238246170902,0.936708668534443,0.685020600890174,0.991796605651675,-1.27991489171878,0.493436250133837,0.878622246388439,0.789463200789815,0.661097978468417,-0.925438772000761,0.476964169092724,0.531354597407531,1.14083118369375,0.924207813428878,-0.584196263185007,0.585688324853383,0.736375114853527,0.715235354287649,1.6685750911377,-0.903955570195518,0.684107540659734,1.24251386333968,0.342431904960715,1.47854211774017,-0.972341767950659,0.656474787097986,0.657472450735578,0.692230391490184,0.925311254277519,-0.439213227756904,0.325289945163173,0.660241682637942,1.27064970506773,1.39735344448898,-0.901563486027013,0.37700031771668,1.2705255588996,0.810645312792007,0.622240810682691,-0.621844852802542,1.01552871486522
"33",0.994913749834441,0.642720490022591,0.665850925579207,-0.809736738281873,0.118024882235951,0.502825876422035,1.09830134207157,0.749316005329031,-0.868087908801554,0.621031763113971,0.583665095342472,0.540116893010501,1.22360219817288,-0.618600887733946,0.856088098815297,0.354531877991174,0.148454637854906,0.6995193982828,-0.402335113793995,0.359075256862568,0.758844501044504,0.554947481057283,0.803472227422548,-1.03688202107212,0.399741560645453,0.71178764813867,0.639558305394626,0.535567335356575,-0.749714555631161,0.386397232212617,0.430459894193448,0.924207813428878,0.748717334003279,-0.473267875851188,0.474476621782875,0.596550694344372,0.579424994969867,1.3517426228912,-0.732310628345802,0.554207794580296,1.00658277684361,0.277410230939993,1.19779350111626,-0.787711514295779,0.531822005067044,0.532630230282321,0.560788261797638,0.749611251235335,-0.355814517218892,0.263523221706008,0.534873634738601,1.02937612710799,1.13202110003434,-0.730372758036408,0.305414722422646,1.02927555406947,0.65671831442766,0.504088446465223,-0.503767673881291,0.822698034954639
"34",-0.628889830186868,-0.406266754173604,-0.42088761521987,0.511838538686288,-0.074604103279851,-0.317838687111559,-0.694241631120624,-0.473646298913944,0.548722597958193,-0.3925572041902,-0.368937551377705,-0.341410520442557,-0.773444912941723,0.391020636015115,-0.541137459582341,-0.22410132796215,-0.0938389001122564,-0.442169620906028,0.254317986292002,-0.226973219889849,-0.479669307494775,-0.350785007426845,-0.507878710840728,0.655418178977193,-0.252678588706595,-0.449924441431759,-0.404267921858711,-0.338534722876306,0.473898224502337,-0.244243573667873,-0.27209579705439,-0.584196263185007,-0.473267875851188,0.299154930893739,-0.29991898508823,-0.377082601307419,-0.366257363267181,-0.854443099924853,0.462897117243647,-0.350317447999727,-0.63626587903076,-0.17535235899291,-0.757131109748247,0.497916287260225,-0.336167281346658,-0.336678164444286,-0.354476993399068,-0.47383292529026,0.224912090469196,-0.166574312774917,-0.338096231334793,-0.650673666820955,-0.715556054469057,0.46167217997647,-0.193054134544737,-0.650610094113137,-0.41511484720132,-0.318636763789252,0.318434001875598,-0.520031437482684
"35",0.630496041093007,0.407304376440706,0.421962579777055,-0.513145795702634,0.0747946452771595,0.318650460400181,0.696014753257248,0.474856011353946,-0.550124058403219,0.393559811693754,0.369879833300965,0.342282497178518,0.775420323569839,-0.39201931905934,0.54251954726699,0.224673692118438,0.0940785685844524,0.443298940595062,-0.254967525056349,0.22755291897813,0.480894402950381,0.351680926994302,0.509175854291285,-0.657092144394701,0.253323940381001,0.451073567256471,0.405300439024554,0.339399354705111,-0.47510858037082,0.244867381961392,0.272790741090317,0.585688324853383,0.474476621782875,-0.29991898508823,0.300684990709062,0.378045686028563,0.367192799878008,0.856625383307249,-0.464079375824481,0.351212173400869,0.637890928673875,0.175800216245345,0.759064854241291,-0.49918798626465,0.337025866630865,0.337538054545274,0.355382342452978,0.475043114381826,-0.225486525346807,0.166999750530497,0.338959743237876,0.652335514556154,0.717383614533593,-0.462851310016336,0.193547202871647,0.652271779480984,0.416175067867756,0.319450575399059,-0.319247295623004,0.521359619504919
"36",0.792711029011517,0.512096270754502,0.530525759114292,-0.645168732604878,0.0940379262642545,0.400633339300475,0.875086495872797,0.597027693845843,-0.6916608194158,0.494815483320874,0.46504308378895,0.430345462725895,0.974921653033529,-0.49287865038011,0.682099807997744,0.28247808402139,0.118283246919723,0.557351571549343,-0.32056596073396,0.286098082781012,0.604619652088254,0.442161934971219,0.640177398581828,-0.82614981853894,0.318499512073944,0.567126466075663,0.509576757248154,0.426720540937457,-0.597345244206531,0.307867237341364,0.342974761109754,0.736375114853527,0.596550694344372,-0.377082601307419,0.378045686028563,0.475309859623464,0.461664726288072,1.07701927501668,-0.583478429008215,0.441572579734732,0.802008484604564,0.221030365359166,0.954358223485386,-0.627619836559235,0.42373639821323,0.424380362619373,0.446815656272878,0.597262935027539,-0.283500044228718,0.209965702335265,0.426167825558067,0.820169395684254,0.901953170533925,-0.58193440454649,0.24334332390844,0.820089262751247,0.523249227269487,0.401639309112733,-0.401383729204295,0.655495821585708
